   0.02405  0.00000E+00  0.00000E+00 0.00E+00  0.45000E+00
   0.07215  0.00000E+00  0.00000E+00 0.00E+00  0.45000E+00
   0.12026  0.00000E+00  0.00000E+00 0.00E+00  0.45000E+00
   0.16836  0.00000E+00  0.00000E+00 0.00E+00  0.45000E+00
   0.21646  0.00000E+00  0.00000E+00 0.00E+00  0.45000E+00
   0.26457  0.00000E+00  0.00000E+00 0.00E+00  0.45000E+00
   0.31267  0.00000E+00  0.00000E+00 0.00E+00  0.45000E+00
   0.36077  0.00000E+00  0.00000E+00 0.00E+00  0.45000E+00
   0.40887  0.00000E+00  0.00000E+00 0.00E+00  0.45000E+00
   0.45698  0.00000E+00  0.00000E+00 0.00E+00  0.45000E+00
   0.50508  0.00000E+00  0.00000E+00 0.00E+00  0.45000E+00
   0.55318  0.00000E+00  0.00000E+00 0.00E+00  0.45000E+00
   0.60129  0.00000E+00  0.00000E+00 0.00E+00  0.45000E+00
   0.64939  0.00000E+00  0.00000E+00 0.00E+00  0.45000E+00
   0.69749  0.00000E+00  0.00000E+00 0.00E+00  0.45000E+00
   0.74559  0.00000E+00  0.00000E+00 0.00E+00  0.45000E+00
   0.79370  0.00000E+00  0.00000E+00 0.00E+00  0.45000E+00
   0.84180  0.00000E+00  0.00000E+00 0.00E+00  0.45000E+00
   0.88990  0.00000E+00  0.00000E+00 0.00E+00  0.45000E+00
   0.93801  0.00000E+00  0.00000E+00 0.00E+00  0.45000E+00
   0.98611  0.00000E+00  0.00000E+00 0.00E+00  0.45000E+00
   1.03421  0.00000E+00  0.00000E+00 0.00E+00  0.45000E+00
   1.08232  0.00000E+00  0.00000E+00 0.00E+00  0.45000E+00
   1.13042  0.00000E+00  0.00000E+00 0.00E+00  0.45000E+00
   1.17852  0.00000E+00  0.00000E+00 0.00E+00  0.45000E+00
   1.22662  0.00000E+00  0.00000E+00 0.00E+00  0.45000E+00
   1.27473  0.00000E+00  0.00000E+00 0.00E+00  0.45000E+00
   1.32283  0.00000E+00  0.00000E+00 0.00E+00  0.45000E+00
   1.37093  0.00000E+00  0.00000E+00 0.00E+00  0.45000E+00
   1.41904  0.00000E+00  0.00000E+00 0.00E+00  0.45000E+00
   1.46714  0.00000E+00  0.00000E+00 0.00E+00  0.45000E+00
   1.51524  0.00000E+00  0.00000E+00 0.00E+00  0.45000E+00
   1.56334  0.00000E+00  0.00000E+00 0.00E+00  0.45000E+00
   1.61145  0.00000E+00  0.00000E+00 0.00E+00  0.45000E+00
   1.65955  0.00000E+00  0.00000E+00 0.00E+00  0.45000E+00
   1.70765  0.00000E+00  0.00000E+00 0.00E+00  0.45000E+00
   1.75576  0.00000E+00  0.00000E+00 0.00E+00  0.45000E+00
   1.80386  0.00000E+00  0.00000E+00 0.00E+00  0.45000E+00
   1.85196  0.00000E+00  0.12877E-03 0.97E-04  0.45000E+00
   1.90006  0.00000E+00  0.53107E-04 0.53E-04  0.45000E+00
   1.94817  0.00000E+00  0.41367E-03 0.20E-03  0.45000E+00
   1.99627  0.00000E+00  0.91869E-03 0.29E-03  0.45000E+00
   2.04437  0.00000E+00  0.18741E-02 0.37E-03  0.45000E+00
   2.09248  0.18732E-01  0.39025E-02 0.51E-03  0.45000E+00
   2.14058  0.00000E+00  0.80368E-02 0.75E-03  0.45000E+00
   2.18868  0.16163E-01  0.15280E-01 0.10E-02  0.45000E+00
   2.23678  0.00000E+00  0.26201E-01 0.16E-02  0.45000E+00
   2.28489  0.60459E-01  0.42532E-01 0.19E-02  0.45000E+00
   2.33299  0.47127E-01  0.59805E-01 0.23E-02  0.45000E+00
   2.38109  0.41555E-01  0.84306E-01 0.27E-02  0.45000E+00
   2.42920  0.19910E+00  0.12343E+00 0.34E-02  0.45000E+00
   2.47730  0.11433E+00  0.15804E+00 0.37E-02  0.45000E+00
   2.52540  0.25679E+00  0.19333E+00 0.43E-02  0.45000E+00
   2.57351  0.10912E+00  0.23931E+00 0.47E-02  0.45000E+00
   2.62161  0.35731E+00  0.29477E+00 0.51E-02  0.45000E+00
   2.66971  0.21576E+00  0.35467E+00 0.56E-02  0.45000E+00
   2.71781  0.45263E+00  0.39942E+00 0.60E-02  0.45000E+00
   2.76592  0.37777E+00  0.46318E+00 0.63E-02  0.45000E+00
   2.81402  0.66164E+00  0.50076E+00 0.68E-02  0.45000E+00
   2.86212  0.45079E+00  0.58382E+00 0.71E-02  0.45000E+00
   2.91023  0.56921E+00  0.64181E+00 0.71E-02  0.45000E+00
   2.95833  0.98293E+00  0.70201E+00 0.77E-02  0.45000E+00
   3.00643  0.83238E+00  0.76718E+00 0.79E-02  0.45000E+00
   3.05453  0.81781E+00  0.81683E+00 0.84E-02  0.45000E+00
   3.10264  0.75661E+00  0.86835E+00 0.88E-02  0.45000E+00
   3.15074  0.10802E+01  0.92447E+00 0.81E-02  0.45000E+00
   3.19884  0.92282E+00  0.94352E+00 0.85E-02  0.45000E+00
   3.24695  0.10379E+01  0.99466E+00 0.97E-02  0.45000E+00
   3.29505  0.87322E+00  0.10249E+01 0.87E-02  0.45000E+00
   3.34315  0.10070E+01  0.10763E+01 0.84E-02  0.45000E+00
   3.39125  0.10249E+01  0.11075E+01 0.96E-02  0.45000E+00
   3.43936  0.11389E+01  0.11440E+01 0.10E-01  0.45000E+00
   3.48746  0.95152E+00  0.11786E+01 0.90E-02  0.45000E+00
   3.53556  0.10334E+01  0.11800E+01 0.87E-02  0.45000E+00
   3.58367  0.13632E+01  0.12047E+01 0.88E-02  0.45000E+00
   3.63177  0.13122E+01  0.12232E+01 0.89E-02  0.45000E+00
   3.67987  0.12711E+01  0.12308E+01 0.93E-02  0.45000E+00
   3.72797  0.13984E+01  0.12405E+01 0.95E-02  0.45000E+00
   3.77608  0.11274E+01  0.12638E+01 0.91E-02  0.45000E+00
   3.82418  0.13413E+01  0.12630E+01 0.84E-02  0.45000E+00
   3.87228  0.10281E+01  0.12628E+01 0.85E-02  0.45000E+00
   3.92039  0.10768E+01  0.12722E+01 0.95E-02  0.45000E+00
   3.96849  0.12325E+01  0.12932E+01 0.87E-02  0.45000E+00
   4.01659  0.10691E+01  0.12739E+01 0.87E-02  0.45000E+00
   4.06470  0.13108E+01  0.12715E+01 0.88E-02  0.45000E+00
   4.11280  0.88793E+00  0.12542E+01 0.88E-02  0.45000E+00
   4.16090  0.14390E+01  0.12532E+01 0.88E-02  0.45000E+00
   4.20900  0.11419E+01  0.12443E+01 0.82E-02  0.45000E+00
   4.25711  0.12930E+01  0.12451E+01 0.80E-02  0.45000E+00
   4.30521  0.12793E+01  0.12344E+01 0.79E-02  0.45000E+00
   4.35331  0.11525E+01  0.12262E+01 0.90E-02  0.45000E+00
   4.40142  0.12469E+01  0.12268E+01 0.76E-02  0.45000E+00
   4.44952  0.12944E+01  0.12146E+01 0.79E-02  0.45000E+00
   4.49762  0.91621E+00  0.11910E+01 0.80E-02  0.45000E+00
   4.54572  0.10652E+01  0.11821E+01 0.77E-02  0.45000E+00
   4.59383  0.10939E+01  0.11770E+01 0.79E-02  0.45000E+00
   4.64193  0.12087E+01  0.11646E+01 0.79E-02  0.45000E+00
   4.69003  0.11288E+01  0.11403E+01 0.76E-02  0.45000E+00
   4.73814  0.10144E+01  0.11359E+01 0.75E-02  0.45000E+00
   4.78624  0.11513E+01  0.11206E+01 0.70E-02  0.45000E+00
   4.83434  0.11228E+01  0.11004E+01 0.67E-02  0.45000E+00
   4.88244  0.11772E+01  0.10938E+01 0.71E-02  0.45000E+00
   4.93055  0.11989E+01  0.10856E+01 0.77E-02  0.45000E+00
   4.97865  0.10025E+01  0.10816E+01 0.75E-02  0.45000E+00
   5.02675  0.10482E+01  0.10663E+01 0.68E-02  0.45000E+00
   5.07486  0.11302E+01  0.10531E+01 0.66E-02  0.45000E+00
   5.12296  0.93361E+00  0.10369E+01 0.66E-02  0.45000E+00
   5.17106  0.98510E+00  0.10287E+01 0.70E-02  0.45000E+00
   5.21916  0.11619E+01  0.10134E+01 0.66E-02  0.45000E+00
   5.26727  0.96594E+00  0.10154E+01 0.66E-02  0.45000E+00
   5.31537  0.89924E+00  0.10019E+01 0.68E-02  0.45000E+00
   5.36347  0.76411E+00  0.98153E+00 0.67E-02  0.45000E+00
   5.41158  0.99710E+00  0.97358E+00 0.59E-02  0.45000E+00
   5.45968  0.10482E+01  0.96322E+00 0.66E-02  0.45000E+00
   5.50778  0.91028E+00  0.96561E+00 0.64E-02  0.45000E+00
   5.55588  0.89174E+00  0.94927E+00 0.65E-02  0.45000E+00
   5.60399  0.10307E+01  0.94117E+00 0.59E-02  0.45000E+00
   5.65209  0.93995E+00  0.93492E+00 0.65E-02  0.45000E+00
   5.70019  0.79122E+00  0.92616E+00 0.63E-02  0.45000E+00
   5.74830  0.91220E+00  0.92992E+00 0.62E-02  0.45000E+00
   5.79640  0.93046E+00  0.92012E+00 0.59E-02  0.45000E+00
   5.84450  0.96819E+00  0.90644E+00 0.64E-02  0.45000E+00
   5.89261  0.83875E+00  0.91358E+00 0.60E-02  0.45000E+00
   5.94071  0.98679E+00  0.89452E+00 0.57E-02  0.45000E+00
   5.98881  0.93625E+00  0.90774E+00 0.58E-02  0.45000E+00
   6.03691  0.86448E+00  0.90879E+00 0.62E-02  0.45000E+00
   6.08502  0.84330E+00  0.90449E+00 0.54E-02  0.45000E+00
   6.13312  0.87881E+00  0.89893E+00 0.56E-02  0.45000E+00
   6.18122  0.89687E+00  0.89958E+00 0.57E-02  0.45000E+00
   6.22933  0.78872E+00  0.89103E+00 0.57E-02  0.45000E+00
   6.27743  0.96716E+00  0.90129E+00 0.60E-02  0.45000E+00
   6.32553  0.88601E+00  0.90764E+00 0.55E-02  0.45000E+00
   6.37363  0.93409E+00  0.90601E+00 0.53E-02  0.45000E+00
   6.42174  0.10431E+01  0.90999E+00 0.57E-02  0.45000E+00
   6.46984  0.10606E+01  0.91188E+00 0.57E-02  0.45000E+00
   6.51794  0.76985E+00  0.90336E+00 0.54E-02  0.45000E+00
   6.56605  0.99536E+00  0.91278E+00 0.53E-02  0.45000E+00
   6.61415  0.90275E+00  0.91323E+00 0.57E-02  0.45000E+00
   6.66225  0.85823E+00  0.91673E+00 0.52E-02  0.45000E+00
   6.71035  0.98731E+00  0.92980E+00 0.54E-02  0.45000E+00
   6.75846  0.89646E+00  0.91679E+00 0.51E-02  0.45000E+00
   6.80656  0.10187E+01  0.93262E+00 0.51E-02  0.45000E+00
   6.85466  0.89360E+00  0.93877E+00 0.61E-02  0.45000E+00
   6.90277  0.89801E+00  0.94564E+00 0.57E-02  0.45000E+00
   6.95087  0.96810E+00  0.94017E+00 0.55E-02  0.45000E+00
   6.99897  0.94775E+00  0.94037E+00 0.51E-02  0.45000E+00
   7.04707  0.10514E+01  0.95271E+00 0.56E-02  0.45000E+00
   7.09518  0.10555E+01  0.95139E+00 0.60E-02  0.45000E+00
   7.14328  0.94303E+00  0.96076E+00 0.57E-02  0.45000E+00
   7.19138  0.92595E+00  0.95881E+00 0.59E-02  0.45000E+00
   7.23949  0.99211E+00  0.96623E+00 0.57E-02  0.45000E+00
   7.28759  0.85541E+00  0.96063E+00 0.58E-02  0.45000E+00
   7.33569  0.98858E+00  0.97699E+00 0.56E-02  0.45000E+00
   7.38380  0.86993E+00  0.98563E+00 0.54E-02  0.45000E+00
   7.43190  0.10442E+01  0.96917E+00 0.55E-02  0.45000E+00
   7.48000  0.95133E+00  0.98352E+00 0.55E-02  0.45000E+00
   7.52810  0.11817E+01  0.99225E+00 0.49E-02  0.45000E+00
   7.57621  0.10548E+01  0.99408E+00 0.59E-02  0.45000E+00
   7.62431  0.10284E+01  0.98901E+00 0.55E-02  0.45000E+00
   7.67241  0.10241E+01  0.99658E+00 0.51E-02  0.45000E+00
   7.72052  0.10247E+01  0.99175E+00 0.57E-02  0.45000E+00
   7.76862  0.10526E+01  0.10068E+01 0.59E-02  0.45000E+00
   7.81672  0.10268E+01  0.99941E+00 0.59E-02  0.45000E+00
   7.86482  0.10751E+01  0.99581E+00 0.58E-02  0.45000E+00
   7.91293  0.89843E+00  0.10057E+01 0.59E-02  0.45000E+00
   7.96103  0.94422E+00  0.10084E+01 0.58E-02  0.45000E+00
   8.00913  0.11413E+01  0.10141E+01 0.52E-02  0.45000E+00
   8.05724  0.10335E+01  0.10070E+01 0.57E-02  0.45000E+00
   8.10534  0.10558E+01  0.10070E+01 0.57E-02  0.45000E+00
   8.15344  0.10819E+01  0.10142E+01 0.51E-02  0.45000E+00
   8.20154  0.96946E+00  0.10101E+01 0.55E-02  0.45000E+00
   8.24965  0.92317E+00  0.10080E+01 0.55E-02  0.45000E+00
   8.29775  0.89347E+00  0.10124E+01 0.53E-02  0.45000E+00
   8.34585  0.11293E+01  0.10142E+01 0.55E-02  0.45000E+00
   8.39396  0.98159E+00  0.10082E+01 0.55E-02  0.45000E+00
   8.44206  0.10414E+01  0.10082E+01 0.59E-02  0.45000E+00
   8.49016  0.10372E+01  0.10164E+01 0.52E-02  0.45000E+00
   8.53826  0.10404E+01  0.10047E+01 0.58E-02  0.45000E+00
   8.58637  0.10171E+01  0.10124E+01 0.53E-02  0.45000E+00
   8.63447  0.11578E+01  0.10069E+01 0.53E-02  0.45000E+00
   8.68257  0.98920E+00  0.10042E+01 0.51E-02  0.45000E+00
   8.73068  0.10439E+01  0.99868E+00 0.54E-02  0.45000E+00
   8.77878  0.79519E+00  0.10035E+01 0.51E-02  0.45000E+00
   8.82688  0.11295E+01  0.99980E+00 0.52E-02  0.45000E+00
   8.87499  0.94561E+00  0.99458E+00 0.53E-02  0.45000E+00
   8.92309  0.10693E+01  0.99624E+00 0.55E-02  0.45000E+00
   8.97119  0.10460E+01  0.99688E+00 0.50E-02  0.45000E+00
   9.01929  0.10497E+01  0.99864E+00 0.52E-02  0.45000E+00
   9.06740  0.10233E+01  0.99239E+00 0.50E-02  0.45000E+00
   9.11550  0.95976E+00  0.99028E+00 0.52E-02  0.45000E+00
   9.16360  0.90506E+00  0.98862E+00 0.52E-02  0.45000E+00
   9.21171  0.86904E+00  0.98325E+00 0.50E-02  0.45000E+00
   9.25981  0.10958E+01  0.97636E+00 0.55E-02  0.45000E+00
   9.30791  0.89511E+00  0.97341E+00 0.51E-02  0.45000E+00
   9.35601  0.95524E+00  0.98474E+00 0.48E-02  0.45000E+00
   9.40412  0.98499E+00  0.98376E+00 0.54E-02  0.45000E+00
   9.45222  0.91764E+00  0.97641E+00 0.49E-02  0.45000E+00
   9.50032  0.97848E+00  0.97535E+00 0.45E-02  0.45000E+00
   9.54843  0.11041E+01  0.97651E+00 0.46E-02  0.45000E+00
   9.59653  0.97763E+00  0.96646E+00 0.53E-02  0.45000E+00
