   4.8102899927982265E-002   0.0000000000000000     
  0.14430869978394678        0.0000000000000000     
  0.24051449963991134        0.0000000000000000     
  0.33672029949587579        3.0050642538796764     
  0.43292609935184034        0.0000000000000000     
  0.52913189920780490        1.9123136161052470     
  0.62533769906376935        1.6181115213198256     
  0.72154349891973391        1.4023633184771809     
  0.81774929877569846        2.4747587973126728     
  0.91395509863166302        0.0000000000000000     
   1.0101608984876274        0.0000000000000000     
   1.1063666983435920        0.0000000000000000     
   1.2025724981995565       0.84141799108630999     
   1.2987782980555209        0.0000000000000000     
   1.3949840979114856        0.0000000000000000     
   1.4911898977674500       0.67856289603734732     
   1.5873956976234147       0.63743787203508340     
   1.6836014974793791        0.0000000000000000     
   1.7798072973353438        0.0000000000000000     
   1.8760130971913083        0.0000000000000000     
   1.9722188970472727        1.0261195013247653     
   2.0684246969032372        0.0000000000000000     
   2.1646304967592016        0.0000000000000000     
   2.2608362966151665       0.44756276121612260     
   2.3570420964711309        0.0000000000000000     
   2.4532478963270954        0.0000000000000000     
   2.5494536961830598        0.0000000000000000     
   2.6456594960390243       0.38246272322105018     
   2.7418652958949892       0.36904297854662732     
   2.8380710957509536       0.35653304707047029     
   2.9342768956069181        0.0000000000000000     
   3.0304826954628830       0.33389602820885300     
   3.1266884953188470       0.64724460852793153     
   3.2228942951748114        0.0000000000000000     
   3.3191000950307759       0.30486159097330034     
   3.4153058948867403       0.29627394052334977     
   3.5115116947427047       0.28815684626243449     
   3.6077174945986696        0.0000000000000000     
   3.7039232944546341        0.0000000000000000     
   3.8001290943105985        0.0000000000000000     
   3.8963348941665634       0.51939382165821824     
   3.9925406940225279        0.0000000000000000     
   4.0887464938784923       0.24747587973126711     
   4.1849522937344572       0.24178677904778928     
   4.2811580935904212       0.70906010484801030     
   4.3773638934463861        0.0000000000000000     
   4.4735696933023501        0.0000000000000000     
   4.5697754931583150       0.44285157425594968     
   4.6659812930142790        0.0000000000000000     
   4.7621870928702439        0.0000000000000000     
   4.8583928927262079       0.20827177997185775     
   4.9545986925821728        0.0000000000000000     
   5.0508044924381377       0.20033761692531127     
   5.1470102922941017        0.0000000000000000     
   5.2432160921500675       0.38597155554417673     
   5.3394218920060315        0.0000000000000000     
   5.4356276918619955       0.18615442280670508     
   5.5318334917179603       0.18291695458397961     
   5.6280392915739244       0.17979016903553455     
   5.7242450914298892        0.0000000000000000     
   5.8204508912858532       0.17384669237320322     
   5.9166566911418181       0.34203983377492114     
   6.0128624909977821       0.33656719643452065     
   6.1090682908537470       0.33126692562453047     
   6.2052740907097110       0.32613100429701686     
   6.3014798905656768       0.16057595249738657     
   6.3976856904216408        0.0000000000000000     
   6.4938914902776057       0.15581814649746428     
   6.5900972901335697       0.30708685806069580     
   6.6863030899895346        0.0000000000000000     
   6.7825088898454986       0.29837517414407971     
   6.8787146897014644       0.29420209478542109     
   6.9749204895574284        0.0000000000000000     
   7.0711262894133924       0.14309829780379393     
   7.1673320892693573       0.14117751528293662     
   7.2635378891253213        0.0000000000000000     
   7.3597436889812862        0.0000000000000000     
   7.4559494888372502       0.13571257920746860     
   7.5521552886932151       0.13398375654240438     
   7.6483610885491791       0.26459685254286458     
   7.7445668884051440       0.13065496755998501     
   7.8407726882611080       0.25810367824733216     
   7.9369784881170737        0.0000000000000000     
   8.0331842879730377       0.25192155421745854     
   8.1293900878290017       0.12447011702460291     
   8.2255958876849675       0.24602865236441815     
   8.3218016875409315       0.12159219524368635     
   8.4180074873968955        0.0000000000000000     
   8.5142132872528595       0.11884434902349120     
   8.6104190871088253        0.0000000000000000     
   8.7066248869647893       0.11621795456993191     
   8.8028306868207533       0.22989562597986879     
   8.8990364866767173        0.0000000000000000     
   8.9952422865326831        0.0000000000000000     
   9.0914480863886471        0.0000000000000000     
   9.1876538862446129       0.33039973471975798     
   9.2838596861005769       0.10899196775729375     
   9.3800654859565409       0.32362230426396754     
   9.4762712858125049       0.10677893287897398     
   9.5724770856684707        0.0000000000000000     
   9.6686828855244347        0.0000000000000000     
