  -4.5707743978702347       -4.3982297150257104       0.91206669545151953     
  -4.5707743978702347       -4.0840704496667311       0.92623066467215998     
  -4.5707743978702347       -3.7699111843077517       0.92373024182259933     
  -4.5707743978702347       -3.4557519189487724       0.91418533411431036     
  -4.5707743978702347       -3.1415926535897931       0.91691246519358538     
  -4.5707743978702347       -2.8274333882308138       0.91330556629241089     
  -4.5707743978702347       -2.5132741228718345       0.91004822321832302     
  -4.5707743978702347       -2.1991148575128552       0.91203677882627998     
  -4.5707743978702347       -1.8849555921538759       0.91894850156300523     
  -4.5707743978702347       -1.5707963267948966       0.91506661830047187     
  -4.5707743978702347       -1.2566370614359172       0.91105947924870001     
  -4.5707743978702347      -0.94247779607693793       0.92994080512363686     
  -4.5707743978702347      -0.62831853071795862       0.92311931987628859     
  -4.5707743978702347      -0.31415926535897931       0.91761031479290567     
  -4.5707743978702347        0.0000000000000000       0.92249131615688329     
  -4.5707743978702347       0.31415926535897931       0.92215931385717687     
  -4.5707743978702347       0.62831853071795862       0.92139961596681252     
  -4.5707743978702347       0.94247779607693793       0.92076447367829828     
  -4.5707743978702347        1.2566370614359172       0.91618742624436655     
  -4.5707743978702347        1.5707963267948966       0.91315154289476597     
  -4.5707743978702347        1.8849555921538759       0.91671592301089866     
  -4.5707743978702347        2.1991148575128552       0.91489363402751678     
  -4.5707743978702347        2.5132741228718345       0.91874164511383405     
  -4.5707743978702347        2.8274333882308138       0.91100435144848624     
  -4.5707743978702347        3.1415926535897931       0.90392286017617118     
  -4.5707743978702347        3.4557519189487724       0.91361276586736095     
  -4.5707743978702347        3.7699111843077517       0.91944481660464616     
  -4.5707743978702347        4.0840704496667311       0.92197938320206441     
  -4.5707743978702347        4.3982297150257104       0.91741597437734279     

  -4.2442905123080754       -4.3982297150257104       0.92311800417807754     
  -4.2442905123080754       -4.0840704496667311       0.91141951915146180     
  -4.2442905123080754       -3.7699111843077517       0.91477113493650919     
  -4.2442905123080754       -3.4557519189487724       0.91457529085488842     
  -4.2442905123080754       -3.1415926535897931       0.91825936516922291     
  -4.2442905123080754       -2.8274333882308138       0.91311503676120409     
  -4.2442905123080754       -2.5132741228718345       0.91813243491257979     
  -4.2442905123080754       -2.1991148575128552       0.91952567480917780     
  -4.2442905123080754       -1.8849555921538759       0.92077918962003602     
  -4.2442905123080754       -1.5707963267948966       0.91615678072098250     
  -4.2442905123080754       -1.2566370614359172       0.92359614029558756     
  -4.2442905123080754      -0.94247779607693793       0.92486425652045590     
  -4.2442905123080754      -0.62831853071795862       0.93377621555919632     
  -4.2442905123080754      -0.31415926535897931       0.92365240144617866     
  -4.2442905123080754        0.0000000000000000       0.92803494698083255     
  -4.2442905123080754       0.31415926535897931       0.92545421966771491     
  -4.2442905123080754       0.62831853071795862       0.92523308714940478     
  -4.2442905123080754       0.94247779607693793       0.92800771455579445     
  -4.2442905123080754        1.2566370614359172       0.92621686734584019     
  -4.2442905123080754        1.5707963267948966       0.92112982684457045     
  -4.2442905123080754        1.8849555921538759       0.92335600513760185     
  -4.2442905123080754        2.1991148575128552       0.91654186740944532     
  -4.2442905123080754        2.5132741228718345       0.91699074930000157     
  -4.2442905123080754        2.8274333882308138       0.91231512242422264     
  -4.2442905123080754        3.1415926535897931       0.91202486173066122     
  -4.2442905123080754        3.4557519189487724       0.91368244005832921     
  -4.2442905123080754        3.7699111843077517       0.92707671630459565     
  -4.2442905123080754        4.0840704496667311       0.92518174028747779     
  -4.2442905123080754        4.3982297150257104       0.91172331479821545     

  -3.9178066267459153       -4.3982297150257104       0.91904040339900717     
  -3.9178066267459153       -4.0840704496667311       0.91588504105724289     
  -3.9178066267459153       -3.7699111843077517       0.91547060993183416     
  -3.9178066267459153       -3.4557519189487724       0.91442528648883958     
  -3.9178066267459153       -3.1415926535897931       0.91324644957088141     
  -3.9178066267459153       -2.8274333882308138       0.91237529694436958     
  -3.9178066267459153       -2.5132741228718345       0.92143120062387340     
  -3.9178066267459153       -2.1991148575128552       0.92415733132199684     
  -3.9178066267459153       -1.8849555921538759       0.92612696383304027     
  -3.9178066267459153       -1.5707963267948966       0.92685554930489111     
  -3.9178066267459153       -1.2566370614359172       0.92871436771121729     
  -3.9178066267459153      -0.94247779607693793       0.92644965943669910     
  -3.9178066267459153      -0.62831853071795862       0.92965330947701041     
  -3.9178066267459153      -0.31415926535897931       0.93426909413075654     
  -3.9178066267459153        0.0000000000000000       0.93349847241457418     
  -3.9178066267459153       0.31415926535897931       0.92869160701872799     
  -3.9178066267459153       0.62831853071795862       0.93081698608357932     
  -3.9178066267459153       0.94247779607693793       0.92705127610515015     
  -3.9178066267459153        1.2566370614359172       0.93216946866415695     
  -3.9178066267459153        1.5707963267948966       0.92620890815458801     
  -3.9178066267459153        1.8849555921538759       0.92443811294650879     
  -3.9178066267459153        2.1991148575128552       0.92854230297808604     
  -3.9178066267459153        2.5132741228718345       0.91847707291667691     
  -3.9178066267459153        2.8274333882308138       0.91612022334438925     
  -3.9178066267459153        3.1415926535897931       0.92282103158299600     
  -3.9178066267459153        3.4557519189487724       0.91677446812153307     
  -3.9178066267459153        3.7699111843077517       0.91782241755002425     
  -3.9178066267459153        4.0840704496667311       0.91914585609166521     
  -3.9178066267459153        4.3982297150257104       0.91501223679842525     

  -3.5913227411837561       -4.3982297150257104       0.91895386794693046     
  -3.5913227411837561       -4.0840704496667311       0.91479705849136528     
  -3.5913227411837561       -3.7699111843077517       0.91783735877345485     
  -3.5913227411837561       -3.4557519189487724       0.91487227552176853     
  -3.5913227411837561       -3.1415926535897931       0.92463380157585440     
  -3.5913227411837561       -2.8274333882308138       0.92068074228318764     
  -3.5913227411837561       -2.5132741228718345       0.92512941291945849     
  -3.5913227411837561       -2.1991148575128552       0.91900072610659500     
  -3.5913227411837561       -1.8849555921538759       0.93707088758232127     
  -3.5913227411837561       -1.5707963267948966       0.93700116623825302     
  -3.5913227411837561       -1.2566370614359172       0.93468440013453125     
  -3.5913227411837561      -0.94247779607693793       0.93028008484344837     
  -3.5913227411837561      -0.62831853071795862       0.92681308403045781     
  -3.5913227411837561      -0.31415926535897931       0.93261874083964225     
  -3.5913227411837561        0.0000000000000000       0.92348022960148490     
  -3.5913227411837561       0.31415926535897931       0.91293730564775899     
  -3.5913227411837561       0.62831853071795862       0.92382888719758760     
  -3.5913227411837561       0.94247779607693793       0.93508698677631430     
  -3.5913227411837561        1.2566370614359172       0.93241907950095715     
  -3.5913227411837561        1.5707963267948966       0.92506588248010813     
  -3.5913227411837561        1.8849555921538759       0.93652222161318954     
  -3.5913227411837561        2.1991148575128552       0.92760999265347854     
  -3.5913227411837561        2.5132741228718345       0.92854394953215902     
  -3.5913227411837561        2.8274333882308138       0.92018545029186805     
  -3.5913227411837561        3.1415926535897931       0.91329746355803743     
  -3.5913227411837561        3.4557519189487724       0.92073190857061382     
  -3.5913227411837561        3.7699111843077517       0.91366126434665795     
  -3.5913227411837561        4.0840704496667311       0.91282643333884927     
  -3.5913227411837561        4.3982297150257104       0.91406623147126076     

  -3.2648388556215964       -4.3982297150257104       0.91535043895438917     
  -3.2648388556215964       -4.0840704496667311       0.91782405969052816     
  -3.2648388556215964       -3.7699111843077517       0.91319236858647712     
  -3.2648388556215964       -3.4557519189487724       0.90828641500573637     
  -3.2648388556215964       -3.1415926535897931       0.92100741923186091     
  -3.2648388556215964       -2.8274333882308138       0.92378132019308701     
  -3.2648388556215964       -2.5132741228718345       0.93401419423261955     
  -3.2648388556215964       -2.1991148575128552       0.93384618947187470     
  -3.2648388556215964       -1.8849555921538759       0.93662169203739964     
  -3.2648388556215964       -1.5707963267948966       0.92568868797351866     
  -3.2648388556215964       -1.2566370614359172       0.91634154423924086     
  -3.2648388556215964      -0.94247779607693793       0.90914461343044428     
  -3.2648388556215964      -0.62831853071795862       0.91113014672684800     
  -3.2648388556215964      -0.31415926535897931       0.90125273431479891     
  -3.2648388556215964        0.0000000000000000       0.90236921589138441     
  -3.2648388556215964       0.31415926535897931       0.90501875176864310     
  -3.2648388556215964       0.62831853071795862       0.90634108569755412     
  -3.2648388556215964       0.94247779607693793       0.92075289255114923     
  -3.2648388556215964        1.2566370614359172       0.92349067773943894     
  -3.2648388556215964        1.5707963267948966       0.92860206876502482     
  -3.2648388556215964        1.8849555921538759       0.93011396639642108     
  -3.2648388556215964        2.1991148575128552       0.93196384058938952     
  -3.2648388556215964        2.5132741228718345       0.93251990281837116     
  -3.2648388556215964        2.8274333882308138       0.92782859800499473     
  -3.2648388556215964        3.1415926535897931       0.91894361141667380     
  -3.2648388556215964        3.4557519189487724       0.92116079915994553     
  -3.2648388556215964        3.7699111843077517       0.90756345603185962     
  -3.2648388556215964        4.0840704496667311       0.91556421541623534     
  -3.2648388556215964        4.3982297150257104       0.91531411082264391     

  -2.9383549700594367       -4.3982297150257104       0.91885350694301438     
  -2.9383549700594367       -4.0840704496667311       0.91215463125663199     
  -2.9383549700594367       -3.7699111843077517       0.91439534641158060     
  -2.9383549700594367       -3.4557519189487724       0.92411486176807012     
  -2.9383549700594367       -3.1415926535897931       0.93485511485675710     
  -2.9383549700594367       -2.8274333882308138       0.92807751434426733     
  -2.9383549700594367       -2.5132741228718345       0.93702493840814627     
  -2.9383549700594367       -2.1991148575128552       0.92488905224487061     
  -2.9383549700594367       -1.8849555921538759       0.92428023247016000     
  -2.9383549700594367       -1.5707963267948966       0.90583203882246188     
  -2.9383549700594367       -1.2566370614359172       0.89949882097042688     
  -2.9383549700594367      -0.94247779607693793       0.89111673441219508     
  -2.9383549700594367      -0.62831853071795862       0.88253936085709173     
  -2.9383549700594367      -0.31415926535897931       0.88754612969233593     
  -2.9383549700594367        0.0000000000000000       0.87703102265000976     
  -2.9383549700594367       0.31415926535897931       0.87732069774212773     
  -2.9383549700594367       0.62831853071795862       0.88241834193562996     
  -2.9383549700594367       0.94247779607693793       0.88813600399470061     
  -2.9383549700594367        1.2566370614359172       0.89385350258630980     
  -2.9383549700594367        1.5707963267948966       0.90007556477558603     
  -2.9383549700594367        1.8849555921538759       0.91583947315579217     
  -2.9383549700594367        2.1991148575128552       0.92432169209964909     
  -2.9383549700594367        2.5132741228718345       0.92506441007106843     
  -2.9383549700594367        2.8274333882308138       0.92641990178045519     
  -2.9383549700594367        3.1415926535897931       0.92902935529205644     
  -2.9383549700594367        3.4557519189487724       0.92377049783400467     
  -2.9383549700594367        3.7699111843077517       0.91924270040557643     
  -2.9383549700594367        4.0840704496667311       0.91267782111438378     
  -2.9383549700594367        4.3982297150257104       0.91593239617726185     

  -2.6118710844972770       -4.3982297150257104       0.91368476969471835     
  -2.6118710844972770       -4.0840704496667311       0.92246537340058277     
  -2.6118710844972770       -3.7699111843077517       0.91633154698957542     
  -2.6118710844972770       -3.4557519189487724       0.92079321794971691     
  -2.6118710844972770       -3.1415926535897931       0.93213912250727149     
  -2.6118710844972770       -2.8274333882308138       0.93786663676509674     
  -2.6118710844972770       -2.5132741228718345       0.92159498309231935     
  -2.6118710844972770       -2.1991148575128552       0.91195422973268292     
  -2.6118710844972770       -1.8849555921538759       0.89658311503675647     
  -2.6118710844972770       -1.5707963267948966       0.88232248052731177     
  -2.6118710844972770       -1.2566370614359172       0.87456125867995038     
  -2.6118710844972770      -0.94247779607693793       0.87037763338510354     
  -2.6118710844972770      -0.62831853071795862       0.86789954166708161     
  -2.6118710844972770      -0.31415926535897931       0.87310704939483486     
  -2.6118710844972770        0.0000000000000000       0.87641131293849672     
  -2.6118710844972770       0.31415926535897931       0.87519503559286216     
  -2.6118710844972770       0.62831853071795862       0.87699832314500292     
  -2.6118710844972770       0.94247779607693793       0.87793789243330878     
  -2.6118710844972770        1.2566370614359172       0.87639158696775221     
  -2.6118710844972770        1.5707963267948966       0.87606896520188438     
  -2.6118710844972770        1.8849555921538759       0.89957391723472901     
  -2.6118710844972770        2.1991148575128552       0.91421626532961653     
  -2.6118710844972770        2.5132741228718345       0.93478647338546805     
  -2.6118710844972770        2.8274333882308138       0.93432340640474565     
  -2.6118710844972770        3.1415926535897931       0.92689401652639403     
  -2.6118710844972770        3.4557519189487724       0.92788813341906839     
  -2.6118710844972770        3.7699111843077517       0.92372156208261758     
  -2.6118710844972770        4.0840704496667311       0.92083375569769765     
  -2.6118710844972770        4.3982297150257104       0.91158675230130393     

  -2.2853871989351173       -4.3982297150257104       0.91545995271231595     
  -2.2853871989351173       -4.0840704496667311       0.92297862872690117     
  -2.2853871989351173       -3.7699111843077517       0.92259352210750678     
  -2.2853871989351173       -3.4557519189487724       0.92848081598175780     
  -2.2853871989351173       -3.1415926535897931       0.93678751668964721     
  -2.2853871989351173       -2.8274333882308138       0.92669579750403897     
  -2.2853871989351173       -2.5132741228718345       0.90618948093995277     
  -2.2853871989351173       -2.1991148575128552       0.89260353303445783     
  -2.2853871989351173       -1.8849555921538759       0.87518893144162346     
  -2.2853871989351173       -1.5707963267948966       0.87734967594069380     
  -2.2853871989351173       -1.2566370614359172       0.87428959125116601     
  -2.2853871989351173      -0.94247779607693793       0.89273506764295063     
  -2.2853871989351173      -0.62831853071795862       0.89681199198208483     
  -2.2853871989351173      -0.31415926535897931       0.91264887445446896     
  -2.2853871989351173        0.0000000000000000       0.91634957714372489     
  -2.2853871989351173       0.31415926535897931       0.92522742629145249     
  -2.2853871989351173       0.62831853071795862       0.91103653001784735     
  -2.2853871989351173       0.94247779607693793       0.89431414523557917     
  -2.2853871989351173        1.2566370614359172       0.88139967122112861     
  -2.2853871989351173        1.5707963267948966       0.86923365642587380     
  -2.2853871989351173        1.8849555921538759       0.87824680938965294     
  -2.2853871989351173        2.1991148575128552       0.89641358482399802     
  -2.2853871989351173        2.5132741228718345       0.90994757828874462     
  -2.2853871989351173        2.8274333882308138       0.93020441290315248     
  -2.2853871989351173        3.1415926535897931       0.93022518147130973     
  -2.2853871989351173        3.4557519189487724       0.92678213984224045     
  -2.2853871989351173        3.7699111843077517       0.91566788222559303     
  -2.2853871989351173        4.0840704496667311       0.92128734591066908     
  -2.2853871989351173        4.3982297150257104       0.91686704054886370     

  -1.9589033133729576       -4.3982297150257104       0.91986390337151336     
  -1.9589033133729576       -4.0840704496667311       0.91254564051546738     
  -1.9589033133729576       -3.7699111843077517       0.92537820967520190     
  -1.9589033133729576       -3.4557519189487724       0.94000660620795307     
  -1.9589033133729576       -3.1415926535897931       0.92764738978300953     
  -1.9589033133729576       -2.8274333882308138       0.90721683484296889     
  -1.9589033133729576       -2.5132741228718345       0.89798125002169493     
  -1.9589033133729576       -2.1991148575128552       0.88034800554812309     
  -1.9589033133729576       -1.8849555921538759       0.87311160126074272     
  -1.9589033133729576       -1.5707963267948966       0.88268655310205391     
  -1.9589033133729576       -1.2566370614359172       0.91169412595302424     
  -1.9589033133729576      -0.94247779607693793       0.96051057393668438     
  -1.9589033133729576      -0.62831853071795862       0.99377462502649949     
  -1.9589033133729576      -0.31415926535897931        1.0230857995399758     
  -1.9589033133729576        0.0000000000000000        1.0400288607470356     
  -1.9589033133729576       0.31415926535897931        1.0272556209656056     
  -1.9589033133729576       0.62831853071795862       0.99797535682355887     
  -1.9589033133729576       0.94247779607693793       0.95205965091067002     
  -1.9589033133729576        1.2566370614359172       0.91338670169107905     
  -1.9589033133729576        1.5707963267948966       0.88667098700190150     
  -1.9589033133729576        1.8849555921538759       0.87127778659035160     
  -1.9589033133729576        2.1991148575128552       0.87983498261518722     
  -1.9589033133729576        2.5132741228718345       0.89461873661779201     
  -1.9589033133729576        2.8274333882308138       0.91932769373227308     
  -1.9589033133729576        3.1415926535897931       0.93319436470765937     
  -1.9589033133729576        3.4557519189487724       0.93065886255566332     
  -1.9589033133729576        3.7699111843077517       0.92805390638584129     
  -1.9589033133729576        4.0840704496667311       0.92183844588635167     
  -1.9589033133729576        4.3982297150257104       0.91818440165926063     

  -1.6324194278107982       -4.3982297150257104       0.91817277988490842     
  -1.6324194278107982       -4.0840704496667311       0.92401699631903944     
  -1.6324194278107982       -3.7699111843077517       0.93422901095964805     
  -1.6324194278107982       -3.4557519189487724       0.93160541162090660     
  -1.6324194278107982       -3.1415926535897931       0.91807944387187190     
  -1.6324194278107982       -2.8274333882308138       0.90344348918726070     
  -1.6324194278107982       -2.5132741228718345       0.88973654227491450     
  -1.6324194278107982       -2.1991148575128552       0.87808767362206941     
  -1.6324194278107982       -1.8849555921538759       0.88476923457091361     
  -1.6324194278107982       -1.5707963267948966       0.92604133216551054     
  -1.6324194278107982       -1.2566370614359172       0.98878747237454034     
  -1.6324194278107982      -0.94247779607693793        1.0783016862539336     
  -1.6324194278107982      -0.62831853071795862        1.1399045690984930     
  -1.6324194278107982      -0.31415926535897931        1.1547242479720452     
  -1.6324194278107982        0.0000000000000000        1.1564033830964795     
  -1.6324194278107982       0.31415926535897931        1.1522597747740326     
  -1.6324194278107982       0.62831853071795862        1.1467398477800086     
  -1.6324194278107982       0.94247779607693793        1.0647647203096549     
  -1.6324194278107982        1.2566370614359172       0.99978765096339317     
  -1.6324194278107982        1.5707963267948966       0.93366570831080109     
  -1.6324194278107982        1.8849555921538759       0.88335991746492182     
  -1.6324194278107982        2.1991148575128552       0.87642482307517444     
  -1.6324194278107982        2.5132741228718345       0.88879779690231575     
  -1.6324194278107982        2.8274333882308138       0.89928467815774893     
  -1.6324194278107982        3.1415926535897931       0.92329502343782999     
  -1.6324194278107982        3.4557519189487724       0.92836022809823071     
  -1.6324194278107982        3.7699111843077517       0.93099809252737975     
  -1.6324194278107982        4.0840704496667311       0.92188937689419093     
  -1.6324194278107982        4.3982297150257104       0.91844993497517691     

  -1.3059355422486385       -4.3982297150257104       0.91741775827068450     
  -1.3059355422486385       -4.0840704496667311       0.92677855842497336     
  -1.3059355422486385       -3.7699111843077517       0.93098605181480787     
  -1.3059355422486385       -3.4557519189487724       0.92441633802404810     
  -1.3059355422486385       -3.1415926535897931       0.91490495084514578     
  -1.3059355422486385       -2.8274333882308138       0.88931460143413987     
  -1.3059355422486385       -2.5132741228718345       0.87418657863217575     
  -1.3059355422486385       -2.1991148575128552       0.87962173177862235     
  -1.3059355422486385       -1.8849555921538759       0.91126534775554091     
  -1.3059355422486385       -1.5707963267948966        1.0154547366231286     
  -1.3059355422486385       -1.2566370614359172        1.1103301507161276     
  -1.3059355422486385      -0.94247779607693793        1.1610321251646658     
  -1.3059355422486385      -0.62831853071795862        1.0376451917060363     
  -1.3059355422486385      -0.31415926535897931       0.88172388296968340     
  -1.3059355422486385        0.0000000000000000       0.82232941299454287     
  -1.3059355422486385       0.31415926535897931       0.84244750859013662     
  -1.3059355422486385       0.62831853071795862        1.0214566609915641     
  -1.3059355422486385       0.94247779607693793        1.1626331742030620     
  -1.3059355422486385        1.2566370614359172        1.0991418896046647     
  -1.3059355422486385        1.5707963267948966       0.98843953305274235     
  -1.3059355422486385        1.8849555921538759       0.91785436485312666     
  -1.3059355422486385        2.1991148575128552       0.88148020586246767     
  -1.3059355422486385        2.5132741228718345       0.87594806394308200     
  -1.3059355422486385        2.8274333882308138       0.88737063180841158     
  -1.3059355422486385        3.1415926535897931       0.90979030622472201     
  -1.3059355422486385        3.4557519189487724       0.92708706405943375     
  -1.3059355422486385        3.7699111843077517       0.92745971984729714     
  -1.3059355422486385        4.0840704496667311       0.93054931348063874     
  -1.3059355422486385        4.3982297150257104       0.92232857914454891     

 -0.97945165668647882       -4.3982297150257104       0.92317200437142000     
 -0.97945165668647882       -4.0840704496667311       0.93050413156848477     
 -0.97945165668647882       -3.7699111843077517       0.93078659129125341     
 -0.97945165668647882       -3.4557519189487724       0.92349495865889053     
 -0.97945165668647882       -3.1415926535897931       0.91083247477232532     
 -0.97945165668647882       -2.8274333882308138       0.88419296895541200     
 -0.97945165668647882       -2.5132741228718345       0.87220763775215526     
 -0.97945165668647882       -2.1991148575128552       0.90405097721358219     
 -0.97945165668647882       -1.8849555921538759       0.96849790960948512     
 -0.97945165668647882       -1.5707963267948966        1.0761992986765325     
 -0.97945165668647882       -1.2566370614359172        1.1616017771324154     
 -0.97945165668647882      -0.94247779607693793       0.89472231127504009     
 -0.97945165668647882      -0.62831853071795862       0.63191280326725996     
 -0.97945165668647882      -0.31415926535897931       0.50050525290170900     
 -0.97945165668647882        0.0000000000000000       0.46809142033698087     
 -0.97945165668647882       0.31415926535897931       0.50350803136741962     
 -0.97945165668647882       0.62831853071795862       0.63425275769102418     
 -0.97945165668647882       0.94247779607693793       0.90144189008145714     
 -0.97945165668647882        1.2566370614359172        1.1475461768522128     
 -0.97945165668647882        1.5707963267948966        1.0799354622321569     
 -0.97945165668647882        1.8849555921538759       0.97166004589596211     
 -0.97945165668647882        2.1991148575128552       0.90684724486304136     
 -0.97945165668647882        2.5132741228718345       0.86783518487867650     
 -0.97945165668647882        2.8274333882308138       0.87850281279535447     
 -0.97945165668647882        3.1415926535897931       0.90816866915270544     
 -0.97945165668647882        3.4557519189487724       0.92429184677836318     
 -0.97945165668647882        3.7699111843077517       0.93490366729678698     
 -0.97945165668647882        4.0840704496667311       0.92886478420567242     
 -0.97945165668647882        4.3982297150257104       0.92369633830353925     

 -0.65296777112431925       -4.3982297150257104       0.92444470143926394     
 -0.65296777112431925       -4.0840704496667311       0.93782048762480252     
 -0.65296777112431925       -3.7699111843077517       0.92716223524054209     
 -0.65296777112431925       -3.4557519189487724       0.92545145394578299     
 -0.65296777112431925       -3.1415926535897931       0.89110118188877763     
 -0.65296777112431925       -2.8274333882308138       0.87686276943471908     
 -0.65296777112431925       -2.5132741228718345       0.88248239917770721     
 -0.65296777112431925       -2.1991148575128552       0.92042387514139257     
 -0.65296777112431925       -1.8849555921538759        1.0184269094650900     
 -0.65296777112431925       -1.5707963267948966        1.1483402492072730     
 -0.65296777112431925       -1.2566370614359172       0.96947860325520629     
 -0.65296777112431925      -0.94247779607693793       0.61412189063973932     
 -0.65296777112431925      -0.62831853071795862       0.42553119822512753     
 -0.65296777112431925      -0.31415926535897931       0.33081118601355924     
 -0.65296777112431925        0.0000000000000000       0.30260132381855165     
 -0.65296777112431925       0.31415926535897931       0.33183064741581775     
 -0.65296777112431925       0.62831853071795862       0.42370704148193700     
 -0.65296777112431925       0.94247779607693793       0.61249913194745309     
 -0.65296777112431925        1.2566370614359172        1.0048547423027179     
 -0.65296777112431925        1.5707963267948966        1.1477344048205096     
 -0.65296777112431925        1.8849555921538759        1.0234071013586630     
 -0.65296777112431925        2.1991148575128552       0.92014549104109333     
 -0.65296777112431925        2.5132741228718345       0.88244245230917384     
 -0.65296777112431925        2.8274333882308138       0.87927997547727843     
 -0.65296777112431925        3.1415926535897931       0.89608361857205743     
 -0.65296777112431925        3.4557519189487724       0.92811693494129421     
 -0.65296777112431925        3.7699111843077517       0.93440936068375202     
 -0.65296777112431925        4.0840704496667311       0.92275121730780263     
 -0.65296777112431925        4.3982297150257104       0.92603818410882177     

 -0.32648388556215963       -4.3982297150257104       0.92827287005216819     
 -0.32648388556215963       -4.0840704496667311       0.92638445274143955     
 -0.32648388556215963       -3.7699111843077517       0.92417987994862694     
 -0.32648388556215963       -3.4557519189487724       0.92292291552917349     
 -0.32648388556215963       -3.1415926535897931       0.89406371045406907     
 -0.32648388556215963       -2.8274333882308138       0.87635872804272796     
 -0.32648388556215963       -2.5132741228718345       0.88313886765403493     
 -0.32648388556215963       -2.1991148575128552       0.94480182088950615     
 -0.32648388556215963       -1.8849555921538759        1.0516909970708630     
 -0.32648388556215963       -1.5707963267948966        1.1534363500455147     
 -0.32648388556215963       -1.2566370614359172       0.79544709809651515     
 -0.32648388556215963      -0.94247779607693793       0.47937812052368334     
 -0.32648388556215963      -0.62831853071795862       0.32514791427376027     
 -0.32648388556215963      -0.31415926535897931       0.25256030354507447     
 -0.32648388556215963        0.0000000000000000       0.25150451252206030     
 -0.32648388556215963       0.31415926535897931       0.25239524171329886     
 -0.32648388556215963       0.62831853071795862       0.32686884386041898     
 -0.32648388556215963       0.94247779607693793       0.48982625830310078     
 -0.32648388556215963        1.2566370614359172       0.80984790541667939     
 -0.32648388556215963        1.5707963267948966        1.1373626817832381     
 -0.32648388556215963        1.8849555921538759        1.0628447308903435     
 -0.32648388556215963        2.1991148575128552       0.94586615392683293     
 -0.32648388556215963        2.5132741228718345       0.87966337281666229     
 -0.32648388556215963        2.8274333882308138       0.86745507564498281     
 -0.32648388556215963        3.1415926535897931       0.89645465635061805     
 -0.32648388556215963        3.4557519189487724       0.91351583259541436     
 -0.32648388556215963        3.7699111843077517       0.93010974365232812     
 -0.32648388556215963        4.0840704496667311       0.93367638117757323     
 -0.32648388556215963        4.3982297150257104       0.92452026784546026     

   0.0000000000000000       -4.3982297150257104       0.92572828161559073     
   0.0000000000000000       -4.0840704496667311       0.93026284576687346     
   0.0000000000000000       -3.7699111843077517       0.93534507568034597     
   0.0000000000000000       -3.4557519189487724       0.90804314009026832     
   0.0000000000000000       -3.1415926535897931       0.89375161664697655     
   0.0000000000000000       -2.8274333882308138       0.87004562951427089     
   0.0000000000000000       -2.5132741228718345       0.88057277266716516     
   0.0000000000000000       -2.1991148575128552       0.94492001906810452     
   0.0000000000000000       -1.8849555921538759        1.0739444119367638     
   0.0000000000000000       -1.5707963267948966        1.1468788304297306     
   0.0000000000000000       -1.2566370614359172       0.74408770251402490     
   0.0000000000000000      -0.94247779607693793       0.43901508430778868     
   0.0000000000000000      -0.62831853071795862       0.29589424145891097     
   0.0000000000000000      -0.31415926535897931       0.25180192540471658     
   0.0000000000000000        0.0000000000000000        0.0000000000000000     
   0.0000000000000000       0.31415926535897931       0.25180192540471658     
   0.0000000000000000       0.62831853071795862       0.29589424145891097     
   0.0000000000000000       0.94247779607693793       0.43901508430778868     
   0.0000000000000000        1.2566370614359172       0.74408770251402490     
   0.0000000000000000        1.5707963267948966        1.1468788304297306     
   0.0000000000000000        1.8849555921538759        1.0739444119367638     
   0.0000000000000000        2.1991148575128552       0.94492001906810452     
   0.0000000000000000        2.5132741228718345       0.88057277266716516     
   0.0000000000000000        2.8274333882308138       0.87004562951427089     
   0.0000000000000000        3.1415926535897931       0.89375161664697655     
   0.0000000000000000        3.4557519189487724       0.90804314009026832     
   0.0000000000000000        3.7699111843077517       0.93534507568034597     
   0.0000000000000000        4.0840704496667311       0.93026284576687346     
   0.0000000000000000        4.3982297150257104       0.92572828161559073     

  0.32648388556215963       -4.3982297150257104       0.92452026784546026     
  0.32648388556215963       -4.0840704496667311       0.93367638117757323     
  0.32648388556215963       -3.7699111843077517       0.93010974365232812     
  0.32648388556215963       -3.4557519189487724       0.91351583259541436     
  0.32648388556215963       -3.1415926535897931       0.89645465635061805     
  0.32648388556215963       -2.8274333882308138       0.86745507564498281     
  0.32648388556215963       -2.5132741228718345       0.87966337281666229     
  0.32648388556215963       -2.1991148575128552       0.94586615392683293     
  0.32648388556215963       -1.8849555921538759        1.0628447308903435     
  0.32648388556215963       -1.5707963267948966        1.1373626817832381     
  0.32648388556215963       -1.2566370614359172       0.80984790541667939     
  0.32648388556215963      -0.94247779607693793       0.48982625830310078     
  0.32648388556215963      -0.62831853071795862       0.32686884386041898     
  0.32648388556215963      -0.31415926535897931       0.25239524171329886     
  0.32648388556215963        0.0000000000000000       0.25150451252206030     
  0.32648388556215963       0.31415926535897931       0.25256030354507447     
  0.32648388556215963       0.62831853071795862       0.32514791427376027     
  0.32648388556215963       0.94247779607693793       0.47937812052368334     
  0.32648388556215963        1.2566370614359172       0.79544709809651515     
  0.32648388556215963        1.5707963267948966        1.1534363500455147     
  0.32648388556215963        1.8849555921538759        1.0516909970708630     
  0.32648388556215963        2.1991148575128552       0.94480182088950615     
  0.32648388556215963        2.5132741228718345       0.88313886765403493     
  0.32648388556215963        2.8274333882308138       0.87635872804272796     
  0.32648388556215963        3.1415926535897931       0.89406371045406907     
  0.32648388556215963        3.4557519189487724       0.92292291552917349     
  0.32648388556215963        3.7699111843077517       0.92417987994862694     
  0.32648388556215963        4.0840704496667311       0.92638445274143955     
  0.32648388556215963        4.3982297150257104       0.92827287005216819     

  0.65296777112431925       -4.3982297150257104       0.92603818410882177     
  0.65296777112431925       -4.0840704496667311       0.92275121730780263     
  0.65296777112431925       -3.7699111843077517       0.93440936068375202     
  0.65296777112431925       -3.4557519189487724       0.92811693494129421     
  0.65296777112431925       -3.1415926535897931       0.89608361857205743     
  0.65296777112431925       -2.8274333882308138       0.87927997547727843     
  0.65296777112431925       -2.5132741228718345       0.88244245230917384     
  0.65296777112431925       -2.1991148575128552       0.92014549104109333     
  0.65296777112431925       -1.8849555921538759        1.0234071013586630     
  0.65296777112431925       -1.5707963267948966        1.1477344048205096     
  0.65296777112431925       -1.2566370614359172        1.0048547423027179     
  0.65296777112431925      -0.94247779607693793       0.61249913194745309     
  0.65296777112431925      -0.62831853071795862       0.42370704148193700     
  0.65296777112431925      -0.31415926535897931       0.33183064741581775     
  0.65296777112431925        0.0000000000000000       0.30260132381855165     
  0.65296777112431925       0.31415926535897931       0.33081118601355924     
  0.65296777112431925       0.62831853071795862       0.42553119822512753     
  0.65296777112431925       0.94247779607693793       0.61412189063973932     
  0.65296777112431925        1.2566370614359172       0.96947860325520629     
  0.65296777112431925        1.5707963267948966        1.1483402492072730     
  0.65296777112431925        1.8849555921538759        1.0184269094650900     
  0.65296777112431925        2.1991148575128552       0.92042387514139257     
  0.65296777112431925        2.5132741228718345       0.88248239917770721     
  0.65296777112431925        2.8274333882308138       0.87686276943471908     
  0.65296777112431925        3.1415926535897931       0.89110118188877763     
  0.65296777112431925        3.4557519189487724       0.92545145394578299     
  0.65296777112431925        3.7699111843077517       0.92716223524054209     
  0.65296777112431925        4.0840704496667311       0.93782048762480252     
  0.65296777112431925        4.3982297150257104       0.92444470143926394     

  0.97945165668647882       -4.3982297150257104       0.92369633830353925     
  0.97945165668647882       -4.0840704496667311       0.92886478420567242     
  0.97945165668647882       -3.7699111843077517       0.93490366729678698     
  0.97945165668647882       -3.4557519189487724       0.92429184677836318     
  0.97945165668647882       -3.1415926535897931       0.90816866915270544     
  0.97945165668647882       -2.8274333882308138       0.87850281279535447     
  0.97945165668647882       -2.5132741228718345       0.86783518487867650     
  0.97945165668647882       -2.1991148575128552       0.90684724486304136     
  0.97945165668647882       -1.8849555921538759       0.97166004589596211     
  0.97945165668647882       -1.5707963267948966        1.0799354622321569     
  0.97945165668647882       -1.2566370614359172        1.1475461768522128     
  0.97945165668647882      -0.94247779607693793       0.90144189008145714     
  0.97945165668647882      -0.62831853071795862       0.63425275769102418     
  0.97945165668647882      -0.31415926535897931       0.50350803136741962     
  0.97945165668647882        0.0000000000000000       0.46809142033698087     
  0.97945165668647882       0.31415926535897931       0.50050525290170900     
  0.97945165668647882       0.62831853071795862       0.63191280326725996     
  0.97945165668647882       0.94247779607693793       0.89472231127504009     
  0.97945165668647882        1.2566370614359172        1.1616017771324154     
  0.97945165668647882        1.5707963267948966        1.0761992986765325     
  0.97945165668647882        1.8849555921538759       0.96849790960948512     
  0.97945165668647882        2.1991148575128552       0.90405097721358219     
  0.97945165668647882        2.5132741228718345       0.87220763775215526     
  0.97945165668647882        2.8274333882308138       0.88419296895541200     
  0.97945165668647882        3.1415926535897931       0.91083247477232532     
  0.97945165668647882        3.4557519189487724       0.92349495865889053     
  0.97945165668647882        3.7699111843077517       0.93078659129125341     
  0.97945165668647882        4.0840704496667311       0.93050413156848477     
  0.97945165668647882        4.3982297150257104       0.92317200437142000     

   1.3059355422486385       -4.3982297150257104       0.92232857914454891     
   1.3059355422486385       -4.0840704496667311       0.93054931348063874     
   1.3059355422486385       -3.7699111843077517       0.92745971984729714     
   1.3059355422486385       -3.4557519189487724       0.92708706405943375     
   1.3059355422486385       -3.1415926535897931       0.90979030622472201     
   1.3059355422486385       -2.8274333882308138       0.88737063180841158     
   1.3059355422486385       -2.5132741228718345       0.87594806394308200     
   1.3059355422486385       -2.1991148575128552       0.88148020586246767     
   1.3059355422486385       -1.8849555921538759       0.91785436485312666     
   1.3059355422486385       -1.5707963267948966       0.98843953305274235     
   1.3059355422486385       -1.2566370614359172        1.0991418896046647     
   1.3059355422486385      -0.94247779607693793        1.1626331742030620     
   1.3059355422486385      -0.62831853071795862        1.0214566609915641     
   1.3059355422486385      -0.31415926535897931       0.84244750859013662     
   1.3059355422486385        0.0000000000000000       0.82232941299454287     
   1.3059355422486385       0.31415926535897931       0.88172388296968340     
   1.3059355422486385       0.62831853071795862        1.0376451917060363     
   1.3059355422486385       0.94247779607693793        1.1610321251646658     
   1.3059355422486385        1.2566370614359172        1.1103301507161276     
   1.3059355422486385        1.5707963267948966        1.0154547366231286     
   1.3059355422486385        1.8849555921538759       0.91126534775554091     
   1.3059355422486385        2.1991148575128552       0.87962173177862235     
   1.3059355422486385        2.5132741228718345       0.87418657863217575     
   1.3059355422486385        2.8274333882308138       0.88931460143413987     
   1.3059355422486385        3.1415926535897931       0.91490495084514578     
   1.3059355422486385        3.4557519189487724       0.92441633802404810     
   1.3059355422486385        3.7699111843077517       0.93098605181480787     
   1.3059355422486385        4.0840704496667311       0.92677855842497336     
   1.3059355422486385        4.3982297150257104       0.91741775827068450     

   1.6324194278107982       -4.3982297150257104       0.91844993497517691     
   1.6324194278107982       -4.0840704496667311       0.92188937689419093     
   1.6324194278107982       -3.7699111843077517       0.93099809252737975     
   1.6324194278107982       -3.4557519189487724       0.92836022809823071     
   1.6324194278107982       -3.1415926535897931       0.92329502343782999     
   1.6324194278107982       -2.8274333882308138       0.89928467815774893     
   1.6324194278107982       -2.5132741228718345       0.88879779690231575     
   1.6324194278107982       -2.1991148575128552       0.87642482307517444     
   1.6324194278107982       -1.8849555921538759       0.88335991746492182     
   1.6324194278107982       -1.5707963267948966       0.93366570831080109     
   1.6324194278107982       -1.2566370614359172       0.99978765096339317     
   1.6324194278107982      -0.94247779607693793        1.0647647203096549     
   1.6324194278107982      -0.62831853071795862        1.1467398477800086     
   1.6324194278107982      -0.31415926535897931        1.1522597747740326     
   1.6324194278107982        0.0000000000000000        1.1564033830964795     
   1.6324194278107982       0.31415926535897931        1.1547242479720452     
   1.6324194278107982       0.62831853071795862        1.1399045690984930     
   1.6324194278107982       0.94247779607693793        1.0783016862539336     
   1.6324194278107982        1.2566370614359172       0.98878747237454034     
   1.6324194278107982        1.5707963267948966       0.92604133216551054     
   1.6324194278107982        1.8849555921538759       0.88476923457091361     
   1.6324194278107982        2.1991148575128552       0.87808767362206941     
   1.6324194278107982        2.5132741228718345       0.88973654227491450     
   1.6324194278107982        2.8274333882308138       0.90344348918726070     
   1.6324194278107982        3.1415926535897931       0.91807944387187190     
   1.6324194278107982        3.4557519189487724       0.93160541162090660     
   1.6324194278107982        3.7699111843077517       0.93422901095964805     
   1.6324194278107982        4.0840704496667311       0.92401699631903944     
   1.6324194278107982        4.3982297150257104       0.91817277988490842     

   1.9589033133729576       -4.3982297150257104       0.91818440165926063     
   1.9589033133729576       -4.0840704496667311       0.92183844588635167     
   1.9589033133729576       -3.7699111843077517       0.92805390638584129     
   1.9589033133729576       -3.4557519189487724       0.93065886255566332     
   1.9589033133729576       -3.1415926535897931       0.93319436470765937     
   1.9589033133729576       -2.8274333882308138       0.91932769373227308     
   1.9589033133729576       -2.5132741228718345       0.89461873661779201     
   1.9589033133729576       -2.1991148575128552       0.87983498261518722     
   1.9589033133729576       -1.8849555921538759       0.87127778659035160     
   1.9589033133729576       -1.5707963267948966       0.88667098700190150     
   1.9589033133729576       -1.2566370614359172       0.91338670169107905     
   1.9589033133729576      -0.94247779607693793       0.95205965091067002     
   1.9589033133729576      -0.62831853071795862       0.99797535682355887     
   1.9589033133729576      -0.31415926535897931        1.0272556209656056     
   1.9589033133729576        0.0000000000000000        1.0400288607470356     
   1.9589033133729576       0.31415926535897931        1.0230857995399758     
   1.9589033133729576       0.62831853071795862       0.99377462502649949     
   1.9589033133729576       0.94247779607693793       0.96051057393668438     
   1.9589033133729576        1.2566370614359172       0.91169412595302424     
   1.9589033133729576        1.5707963267948966       0.88268655310205391     
   1.9589033133729576        1.8849555921538759       0.87311160126074272     
   1.9589033133729576        2.1991148575128552       0.88034800554812309     
   1.9589033133729576        2.5132741228718345       0.89798125002169493     
   1.9589033133729576        2.8274333882308138       0.90721683484296889     
   1.9589033133729576        3.1415926535897931       0.92764738978300953     
   1.9589033133729576        3.4557519189487724       0.94000660620795307     
   1.9589033133729576        3.7699111843077517       0.92537820967520190     
   1.9589033133729576        4.0840704496667311       0.91254564051546738     
   1.9589033133729576        4.3982297150257104       0.91986390337151336     

   2.2853871989351173       -4.3982297150257104       0.91686704054886370     
   2.2853871989351173       -4.0840704496667311       0.92128734591066908     
   2.2853871989351173       -3.7699111843077517       0.91566788222559303     
   2.2853871989351173       -3.4557519189487724       0.92678213984224045     
   2.2853871989351173       -3.1415926535897931       0.93022518147130973     
   2.2853871989351173       -2.8274333882308138       0.93020441290315248     
   2.2853871989351173       -2.5132741228718345       0.90994757828874462     
   2.2853871989351173       -2.1991148575128552       0.89641358482399802     
   2.2853871989351173       -1.8849555921538759       0.87824680938965294     
   2.2853871989351173       -1.5707963267948966       0.86923365642587380     
   2.2853871989351173       -1.2566370614359172       0.88139967122112861     
   2.2853871989351173      -0.94247779607693793       0.89431414523557917     
   2.2853871989351173      -0.62831853071795862       0.91103653001784735     
   2.2853871989351173      -0.31415926535897931       0.92522742629145249     
   2.2853871989351173        0.0000000000000000       0.91634957714372489     
   2.2853871989351173       0.31415926535897931       0.91264887445446896     
   2.2853871989351173       0.62831853071795862       0.89681199198208483     
   2.2853871989351173       0.94247779607693793       0.89273506764295063     
   2.2853871989351173        1.2566370614359172       0.87428959125116601     
   2.2853871989351173        1.5707963267948966       0.87734967594069380     
   2.2853871989351173        1.8849555921538759       0.87518893144162346     
   2.2853871989351173        2.1991148575128552       0.89260353303445783     
   2.2853871989351173        2.5132741228718345       0.90618948093995277     
   2.2853871989351173        2.8274333882308138       0.92669579750403897     
   2.2853871989351173        3.1415926535897931       0.93678751668964721     
   2.2853871989351173        3.4557519189487724       0.92848081598175780     
   2.2853871989351173        3.7699111843077517       0.92259352210750678     
   2.2853871989351173        4.0840704496667311       0.92297862872690117     
   2.2853871989351173        4.3982297150257104       0.91545995271231595     

   2.6118710844972770       -4.3982297150257104       0.91158675230130393     
   2.6118710844972770       -4.0840704496667311       0.92083375569769765     
   2.6118710844972770       -3.7699111843077517       0.92372156208261758     
   2.6118710844972770       -3.4557519189487724       0.92788813341906839     
   2.6118710844972770       -3.1415926535897931       0.92689401652639403     
   2.6118710844972770       -2.8274333882308138       0.93432340640474565     
   2.6118710844972770       -2.5132741228718345       0.93478647338546805     
   2.6118710844972770       -2.1991148575128552       0.91421626532961653     
   2.6118710844972770       -1.8849555921538759       0.89957391723472901     
   2.6118710844972770       -1.5707963267948966       0.87606896520188438     
   2.6118710844972770       -1.2566370614359172       0.87639158696775221     
   2.6118710844972770      -0.94247779607693793       0.87793789243330878     
   2.6118710844972770      -0.62831853071795862       0.87699832314500292     
   2.6118710844972770      -0.31415926535897931       0.87519503559286216     
   2.6118710844972770        0.0000000000000000       0.87641131293849672     
   2.6118710844972770       0.31415926535897931       0.87310704939483486     
   2.6118710844972770       0.62831853071795862       0.86789954166708161     
   2.6118710844972770       0.94247779607693793       0.87037763338510354     
   2.6118710844972770        1.2566370614359172       0.87456125867995038     
   2.6118710844972770        1.5707963267948966       0.88232248052731177     
   2.6118710844972770        1.8849555921538759       0.89658311503675647     
   2.6118710844972770        2.1991148575128552       0.91195422973268292     
   2.6118710844972770        2.5132741228718345       0.92159498309231935     
   2.6118710844972770        2.8274333882308138       0.93786663676509674     
   2.6118710844972770        3.1415926535897931       0.93213912250727149     
   2.6118710844972770        3.4557519189487724       0.92079321794971691     
   2.6118710844972770        3.7699111843077517       0.91633154698957542     
   2.6118710844972770        4.0840704496667311       0.92246537340058277     
   2.6118710844972770        4.3982297150257104       0.91368476969471835     

   2.9383549700594367       -4.3982297150257104       0.91593239617726185     
   2.9383549700594367       -4.0840704496667311       0.91267782111438378     
   2.9383549700594367       -3.7699111843077517       0.91924270040557643     
   2.9383549700594367       -3.4557519189487724       0.92377049783400467     
   2.9383549700594367       -3.1415926535897931       0.92902935529205644     
   2.9383549700594367       -2.8274333882308138       0.92641990178045519     
   2.9383549700594367       -2.5132741228718345       0.92506441007106843     
   2.9383549700594367       -2.1991148575128552       0.92432169209964909     
   2.9383549700594367       -1.8849555921538759       0.91583947315579217     
   2.9383549700594367       -1.5707963267948966       0.90007556477558603     
   2.9383549700594367       -1.2566370614359172       0.89385350258630980     
   2.9383549700594367      -0.94247779607693793       0.88813600399470061     
   2.9383549700594367      -0.62831853071795862       0.88241834193562996     
   2.9383549700594367      -0.31415926535897931       0.87732069774212773     
   2.9383549700594367        0.0000000000000000       0.87703102265000976     
   2.9383549700594367       0.31415926535897931       0.88754612969233593     
   2.9383549700594367       0.62831853071795862       0.88253936085709173     
   2.9383549700594367       0.94247779607693793       0.89111673441219508     
   2.9383549700594367        1.2566370614359172       0.89949882097042688     
   2.9383549700594367        1.5707963267948966       0.90583203882246188     
   2.9383549700594367        1.8849555921538759       0.92428023247016000     
   2.9383549700594367        2.1991148575128552       0.92488905224487061     
   2.9383549700594367        2.5132741228718345       0.93702493840814627     
   2.9383549700594367        2.8274333882308138       0.92807751434426733     
   2.9383549700594367        3.1415926535897931       0.93485511485675710     
   2.9383549700594367        3.4557519189487724       0.92411486176807012     
   2.9383549700594367        3.7699111843077517       0.91439534641158060     
   2.9383549700594367        4.0840704496667311       0.91215463125663199     
   2.9383549700594367        4.3982297150257104       0.91885350694301438     

   3.2648388556215964       -4.3982297150257104       0.91531411082264391     
   3.2648388556215964       -4.0840704496667311       0.91556421541623534     
   3.2648388556215964       -3.7699111843077517       0.90756345603185962     
   3.2648388556215964       -3.4557519189487724       0.92116079915994553     
   3.2648388556215964       -3.1415926535897931       0.91894361141667380     
   3.2648388556215964       -2.8274333882308138       0.92782859800499473     
   3.2648388556215964       -2.5132741228718345       0.93251990281837116     
   3.2648388556215964       -2.1991148575128552       0.93196384058938952     
   3.2648388556215964       -1.8849555921538759       0.93011396639642108     
   3.2648388556215964       -1.5707963267948966       0.92860206876502482     
   3.2648388556215964       -1.2566370614359172       0.92349067773943894     
   3.2648388556215964      -0.94247779607693793       0.92075289255114923     
   3.2648388556215964      -0.62831853071795862       0.90634108569755412     
   3.2648388556215964      -0.31415926535897931       0.90501875176864310     
   3.2648388556215964        0.0000000000000000       0.90236921589138441     
   3.2648388556215964       0.31415926535897931       0.90125273431479891     
   3.2648388556215964       0.62831853071795862       0.91113014672684800     
   3.2648388556215964       0.94247779607693793       0.90914461343044428     
   3.2648388556215964        1.2566370614359172       0.91634154423924086     
   3.2648388556215964        1.5707963267948966       0.92568868797351866     
   3.2648388556215964        1.8849555921538759       0.93662169203739964     
   3.2648388556215964        2.1991148575128552       0.93384618947187470     
   3.2648388556215964        2.5132741228718345       0.93401419423261955     
   3.2648388556215964        2.8274333882308138       0.92378132019308701     
   3.2648388556215964        3.1415926535897931       0.92100741923186091     
   3.2648388556215964        3.4557519189487724       0.90828641500573637     
   3.2648388556215964        3.7699111843077517       0.91319236858647712     
   3.2648388556215964        4.0840704496667311       0.91782405969052816     
   3.2648388556215964        4.3982297150257104       0.91535043895438917     

   3.5913227411837561       -4.3982297150257104       0.91406623147126076     
   3.5913227411837561       -4.0840704496667311       0.91282643333884927     
   3.5913227411837561       -3.7699111843077517       0.91366126434665795     
   3.5913227411837561       -3.4557519189487724       0.92073190857061382     
   3.5913227411837561       -3.1415926535897931       0.91329746355803743     
   3.5913227411837561       -2.8274333882308138       0.92018545029186805     
   3.5913227411837561       -2.5132741228718345       0.92854394953215902     
   3.5913227411837561       -2.1991148575128552       0.92760999265347854     
   3.5913227411837561       -1.8849555921538759       0.93652222161318954     
   3.5913227411837561       -1.5707963267948966       0.92506588248010813     
   3.5913227411837561       -1.2566370614359172       0.93241907950095715     
   3.5913227411837561      -0.94247779607693793       0.93508698677631430     
   3.5913227411837561      -0.62831853071795862       0.92382888719758760     
   3.5913227411837561      -0.31415926535897931       0.91293730564775899     
   3.5913227411837561        0.0000000000000000       0.92348022960148490     
   3.5913227411837561       0.31415926535897931       0.93261874083964225     
   3.5913227411837561       0.62831853071795862       0.92681308403045781     
   3.5913227411837561       0.94247779607693793       0.93028008484344837     
   3.5913227411837561        1.2566370614359172       0.93468440013453125     
   3.5913227411837561        1.5707963267948966       0.93700116623825302     
   3.5913227411837561        1.8849555921538759       0.93707088758232127     
   3.5913227411837561        2.1991148575128552       0.91900072610659500     
   3.5913227411837561        2.5132741228718345       0.92512941291945849     
   3.5913227411837561        2.8274333882308138       0.92068074228318764     
   3.5913227411837561        3.1415926535897931       0.92463380157585440     
   3.5913227411837561        3.4557519189487724       0.91487227552176853     
   3.5913227411837561        3.7699111843077517       0.91783735877345485     
   3.5913227411837561        4.0840704496667311       0.91479705849136528     
   3.5913227411837561        4.3982297150257104       0.91895386794693046     

   3.9178066267459153       -4.3982297150257104       0.91501223679842525     
   3.9178066267459153       -4.0840704496667311       0.91914585609166521     
   3.9178066267459153       -3.7699111843077517       0.91782241755002425     
   3.9178066267459153       -3.4557519189487724       0.91677446812153307     
   3.9178066267459153       -3.1415926535897931       0.92282103158299600     
   3.9178066267459153       -2.8274333882308138       0.91612022334438925     
   3.9178066267459153       -2.5132741228718345       0.91847707291667691     
   3.9178066267459153       -2.1991148575128552       0.92854230297808604     
   3.9178066267459153       -1.8849555921538759       0.92443811294650879     
   3.9178066267459153       -1.5707963267948966       0.92620890815458801     
   3.9178066267459153       -1.2566370614359172       0.93216946866415695     
   3.9178066267459153      -0.94247779607693793       0.92705127610515015     
   3.9178066267459153      -0.62831853071795862       0.93081698608357932     
   3.9178066267459153      -0.31415926535897931       0.92869160701872799     
   3.9178066267459153        0.0000000000000000       0.93349847241457418     
   3.9178066267459153       0.31415926535897931       0.93426909413075654     
   3.9178066267459153       0.62831853071795862       0.92965330947701041     
   3.9178066267459153       0.94247779607693793       0.92644965943669910     
   3.9178066267459153        1.2566370614359172       0.92871436771121729     
   3.9178066267459153        1.5707963267948966       0.92685554930489111     
   3.9178066267459153        1.8849555921538759       0.92612696383304027     
   3.9178066267459153        2.1991148575128552       0.92415733132199684     
   3.9178066267459153        2.5132741228718345       0.92143120062387340     
   3.9178066267459153        2.8274333882308138       0.91237529694436958     
   3.9178066267459153        3.1415926535897931       0.91324644957088141     
   3.9178066267459153        3.4557519189487724       0.91442528648883958     
   3.9178066267459153        3.7699111843077517       0.91547060993183416     
   3.9178066267459153        4.0840704496667311       0.91588504105724289     
   3.9178066267459153        4.3982297150257104       0.91904040339900717     

   4.2442905123080754       -4.3982297150257104       0.91172331479821545     
   4.2442905123080754       -4.0840704496667311       0.92518174028747779     
   4.2442905123080754       -3.7699111843077517       0.92707671630459565     
   4.2442905123080754       -3.4557519189487724       0.91368244005832921     
   4.2442905123080754       -3.1415926535897931       0.91202486173066122     
   4.2442905123080754       -2.8274333882308138       0.91231512242422264     
   4.2442905123080754       -2.5132741228718345       0.91699074930000157     
   4.2442905123080754       -2.1991148575128552       0.91654186740944532     
   4.2442905123080754       -1.8849555921538759       0.92335600513760185     
   4.2442905123080754       -1.5707963267948966       0.92112982684457045     
   4.2442905123080754       -1.2566370614359172       0.92621686734584019     
   4.2442905123080754      -0.94247779607693793       0.92800771455579445     
   4.2442905123080754      -0.62831853071795862       0.92523308714940478     
   4.2442905123080754      -0.31415926535897931       0.92545421966771491     
   4.2442905123080754        0.0000000000000000       0.92803494698083255     
   4.2442905123080754       0.31415926535897931       0.92365240144617866     
   4.2442905123080754       0.62831853071795862       0.93377621555919632     
   4.2442905123080754       0.94247779607693793       0.92486425652045590     
   4.2442905123080754        1.2566370614359172       0.92359614029558756     
   4.2442905123080754        1.5707963267948966       0.91615678072098250     
   4.2442905123080754        1.8849555921538759       0.92077918962003602     
   4.2442905123080754        2.1991148575128552       0.91952567480917780     
   4.2442905123080754        2.5132741228718345       0.91813243491257979     
   4.2442905123080754        2.8274333882308138       0.91311503676120409     
   4.2442905123080754        3.1415926535897931       0.91825936516922291     
   4.2442905123080754        3.4557519189487724       0.91457529085488842     
   4.2442905123080754        3.7699111843077517       0.91477113493650919     
   4.2442905123080754        4.0840704496667311       0.91141951915146180     
   4.2442905123080754        4.3982297150257104       0.92311800417807754     

   4.5707743978702347       -4.3982297150257104       0.91741597437734279     
   4.5707743978702347       -4.0840704496667311       0.92197938320206441     
   4.5707743978702347       -3.7699111843077517       0.91944481660464616     
   4.5707743978702347       -3.4557519189487724       0.91361276586736095     
   4.5707743978702347       -3.1415926535897931       0.90392286017617118     
   4.5707743978702347       -2.8274333882308138       0.91100435144848624     
   4.5707743978702347       -2.5132741228718345       0.91874164511383405     
   4.5707743978702347       -2.1991148575128552       0.91489363402751678     
   4.5707743978702347       -1.8849555921538759       0.91671592301089866     
   4.5707743978702347       -1.5707963267948966       0.91315154289476597     
   4.5707743978702347       -1.2566370614359172       0.91618742624436655     
   4.5707743978702347      -0.94247779607693793       0.92076447367829828     
   4.5707743978702347      -0.62831853071795862       0.92139961596681252     
   4.5707743978702347      -0.31415926535897931       0.92215931385717687     
   4.5707743978702347        0.0000000000000000       0.92249131615688329     
   4.5707743978702347       0.31415926535897931       0.91761031479290567     
   4.5707743978702347       0.62831853071795862       0.92311931987628859     
   4.5707743978702347       0.94247779607693793       0.92994080512363686     
   4.5707743978702347        1.2566370614359172       0.91105947924870001     
   4.5707743978702347        1.5707963267948966       0.91506661830047187     
   4.5707743978702347        1.8849555921538759       0.91894850156300523     
   4.5707743978702347        2.1991148575128552       0.91203677882627998     
   4.5707743978702347        2.5132741228718345       0.91004822321832302     
   4.5707743978702347        2.8274333882308138       0.91330556629241089     
   4.5707743978702347        3.1415926535897931       0.91691246519358538     
   4.5707743978702347        3.4557519189487724       0.91418533411431036     
   4.5707743978702347        3.7699111843077517       0.92373024182259933     
   4.5707743978702347        4.0840704496667311       0.92623066467215998     
   4.5707743978702347        4.3982297150257104       0.91206669545151953     

