 #         1000   9.6205799855964523E-003
  0.588183727914E+07 -0.254650269560E+06  0.129346142793E+05 -0.506172153429E+04
  0.563505990232E+07 -0.243966205604E+06  0.528036728748E+04 -0.745864258930E+02
  0.539629947758E+07 -0.233629230307E+06  0.505663537315E+04 -0.714261601490E+02
  0.516765545649E+07 -0.223730238041E+06  0.484238309665E+04 -0.683997965135E+02
  0.494869920175E+07 -0.214250671237E+06  0.463720880078E+04 -0.655016614811E+02
  0.473902023765E+07 -0.205172758620E+06  0.444072784678E+04 -0.627263219432E+02
  0.453822548055E+07 -0.196479481893E+06  0.425257189321E+04 -0.600685749882E+02
  0.434593850198E+07 -0.188154543831E+06  0.407238820547E+04 -0.575234381520E+02
  0.416179882291E+07 -0.180182337735E+06  0.389983899450E+04 -0.550861400953E+02
  0.398546123803E+07 -0.172547918166E+06  0.373460078354E+04 -0.527521116271E+02
  0.381659516854E+07 -0.165236972934E+06  0.357636380170E+04 -0.505169771593E+02
  0.365488404243E+07 -0.158235796262E+06  0.342483140327E+04 -0.483765465075E+02
  0.350002470102E+07 -0.151531263095E+06  0.327971951154E+04 -0.463268070139E+02
  0.335172683063E+07 -0.145110804493E+06  0.314075608630E+04 -0.443639160533E+02
  0.320971241831E+07 -0.138962384068E+06  0.300768061383E+04 -0.424841938063E+02
  0.307371523066E+07 -0.133074475422E+06  0.288024361848E+04 -0.406841163699E+02
  0.294348031474E+07 -0.127436040534E+06  0.275820619506E+04 -0.389603091531E+02
  0.281876352009E+07 -0.122036509072E+06  0.264133956088E+04 -0.373095405471E+02
  0.269933104104E+07 -0.116865758572E+06  0.252942462690E+04 -0.357287158649E+02
  0.258495897838E+07 -0.111914095465E+06  0.242225158701E+04 -0.342148715526E+02
  0.247543291963E+07 -0.107172236906E+06  0.231961952469E+04 -0.327651696106E+02
  0.237054753708E+07 -0.102631293365E+06  0.222133603634E+04 -0.313768922941E+02
  0.227010620286E+07 -0.982827519696E+05  0.212721687062E+04 -0.300474370124E+02
  0.217392062033E+07 -0.941184605394E+05  0.203708558302E+04 -0.287743114453E+02
  0.208181047106E+07 -0.901306123077E+05  0.195077320505E+04 -0.275551288708E+02
  0.199360307683E+07 -0.863117312842E+05  0.186811792752E+04 -0.263876036971E+02
  0.190913307587E+07 -0.826546582403E+05  0.178896479719E+04 -0.252695471745E+02
  0.182824211288E+07 -0.791525372874E+05  0.171316542624E+04 -0.241988632893E+02
  0.175077854215E+07 -0.757988030248E+05  0.164057771416E+04 -0.231735448372E+02
  0.167659714330E+07 -0.725871682310E+05  0.157106558127E+04 -0.221916696646E+02
  0.160555884898E+07 -0.695116120774E+05  0.150449871368E+04 -0.212513970541E+02
  0.153753048421E+07 -0.665663688412E+05  0.144075231897E+04 -0.203509642819E+02
  0.147238451673E+07 -0.637459170961E+05  0.137970689223E+04 -0.194886833183E+02
  0.140999881784E+07 -0.610449693616E+05  0.132124799205E+04 -0.186629376479E+02
  0.135025643353E+07 -0.584584621905E+05  0.126526602593E+04 -0.178721792513E+02
  0.129304536519E+07 -0.559815466764E+05  0.121165604490E+04 -0.171149257013E+02
  0.123825835963E+07 -0.536095793637E+05  0.116031754671E+04 -0.163897573773E+02
  0.118579270806E+07 -0.513381135424E+05  0.111115428745E+04 -0.156953148152E+02
  0.113555005349E+07 -0.491628909119E+05  0.106407410111E+04 -0.150302961447E+02
  0.108743620638E+07 -0.470798335981E+05  0.101898872680E+04 -0.143934546636E+02
  0.104136096806E+07 -0.450850365085E+05  0.975813643306E+03 -0.137835964864E+02
  0.997237961594E+06 -0.431747600114E+05  0.934467910603E+03 -0.131995783191E+02
  0.954984469915E+06 -0.413454229251E+05  0.894874018145E+03 -0.126403053052E+02
  0.914521280703E+06 -0.395935958047E+05  0.856957739548E+03 -0.121047289804E+02
  0.875772537909E+06 -0.379159945126E+05  0.820647993440E+03 -0.115918453040E+02
  0.838665599544E+06 -0.363094740616E+05  0.785876710200E+03 -0.111006927762E+02
  0.803130901500E+06 -0.347710227196E+05  0.752578704356E+03 -0.106303506372E+02
  0.769101827134E+06 -0.332977563627E+05  0.720691552377E+03 -0.101799371405E+02
  0.736514582387E+06 -0.318869130694E+05  0.690155475646E+03 -0.974860789732E+01
  0.705308076185E+06 -0.305358479418E+05  0.660913228403E+03 -0.933555429877E+01
  0.675423805917E+06 -0.292420281479E+05  0.632909990419E+03 -0.894000199715E+01
  0.646805747758E+06 -0.280030281731E+05  0.606093264225E+03 -0.856120945312E+01
  0.619400251640E+06 -0.268165252730E+05  0.580412776698E+03 -0.819846654651E+01
  0.593155940677E+06 -0.256802951192E+05  0.555820384811E+03 -0.785109324613E+01
  0.568023614849E+06 -0.245922076293E+05  0.532269985386E+03 -0.751843833625E+01
  0.543956158767E+06 -0.235502229736E+05  0.509717428651E+03 -0.719987819518E+01
  0.520908453344E+06 -0.225523877508E+05  0.488120435473E+03 -0.689481563021E+01
  0.498837291213E+06 -0.215968313268E+05  0.467438518079E+03 -0.660267876850E+01
  0.477701295725E+06 -0.206817623269E+05  0.447632904110E+03 -0.632291999488E+01
  0.457460843382E+06 -0.198054652787E+05  0.428666463857E+03 -0.605501495665E+01
  0.438077989553E+06 -0.189662973959E+05  0.410503640485E+03 -0.579846161407E+01
  0.419516397336E+06 -0.181626854997E+05  0.393110383114E+03 -0.555277937261E+01
  0.401741269440E+06 -0.173931230716E+05  0.376454082486E+03 -0.531750825472E+01
  0.384719282942E+06 -0.166561674314E+05  0.360503509135E+03 -0.509220816398E+01
  0.368418526812E+06 -0.159504370376E+05  0.345228753748E+03 -0.487645817634E+01
  0.352808442070E+06 -0.152746089047E+05  0.330601169658E+03 -0.466985589769E+01
  0.337859764479E+06 -0.146274161330E+05  0.316593317253E+03 -0.447201682772E+01
  0.323544469646E+06 -0.140076455490E+05  0.303178910294E+03 -0.428257372024E+01
  0.309835720434E+06 -0.134141354496E+05  0.290332764136E+03 -0.410117591146E+01
  0.296707816572E+06 -0.128457734491E+05  0.278030745971E+03 -0.392748856814E+01
  0.284136146381E+06 -0.123014944228E+05  0.266249727312E+03 -0.376119185918E+01
  0.272097140493E+06 -0.117802785438E+05  0.254967538968E+03 -0.360198000905E+01
  0.260568227509E+06 -0.112811494059E+05  0.244162928858E+03 -0.344956026892E+01
  0.249527791471E+06 -0.108031722290E+05  0.233815522921E+03 -0.330365180223E+01
  0.238955131113E+06 -0.103454521385E+05  0.223905789375E+03 -0.316398454434E+01
  0.228830420780E+06 -0.990713251341E+04  0.214415006416E+03 -0.303029807335E+01
  0.219134672975E+06 -0.948739339479E+04  0.205325233305E+03 -0.290234056786E+01
  0.209849702473E+06 -0.908544994989E+04  0.196619284605E+03 -0.277986789879E+01
  0.200958091939E+06 -0.870055098437E+04  0.188280707145E+03 -0.266264291511E+01
  0.192443159019E+06 -0.833197749883E+04  0.180293759134E+03 -0.255043495762E+01
  0.184288924845E+06 -0.797904128543E+04  0.172643390737E+03 -0.244301962311E+01
  0.176480083930E+06 -0.764108356283E+04  0.165315225353E+03 -0.234017877508E+01
  0.169001975414E+06 -0.731747364845E+04  0.158295540859E+03 -0.224170077482E+01
  0.161840555606E+06 -0.700760766905E+04  0.151571250146E+03 -0.214738089973E+01
  0.154982371806E+06 -0.671090731146E+04  0.145129880388E+03 -0.205702188587E+01
  0.148414537353E+06 -0.642681861634E+04  0.138959550679E+03 -0.197043453893E+01
  0.142124707853E+06 -0.615481081860E+04  0.133048947812E+03 -0.188743834266E+01
  0.136101058544E+06 -0.589437523801E+04  0.127387300229E+03 -0.180786201176E+01
  0.130332262744E+06 -0.564502422358E+04  0.121964350304E+03 -0.173154392862E+01
  0.124807471327E+06 -0.540629015476E+04  0.116770325302E+03 -0.165833243214E+01
  0.119516293165E+06 -0.517772450145E+04  0.111795907474E+03 -0.158808592231E+01
  0.114448776485E+06 -0.495889694427E+04  0.107032203835E+03 -0.152067278093E+01
  0.109595391072E+06 -0.474939455494E+04  0.102470716185E+03 -0.145597109556E+01
  0.104947011262E+06 -0.454882103586E+04  0.981033119516E+02 -0.139386821539E+01
  0.100494899670E+06 -0.435679601660E+04  0.939221963838E+02 -0.133426015383E+01
  0.962306915893E+05 -0.417295440430E+04  0.899198865374E+02 -0.127705086603E+01
  0.921463800206E+05 -0.399694578382E+04  0.860891874344E+02 -0.122215144922E+01
  0.882343012728E+05 -0.382843386330E+04  0.824231706319E+02 -0.116947928381E+01
  0.844871211009E+05 -0.366709595989E+04  0.789151553719E+02 -0.111895716716E+01
  0.808978213392E+05 -0.351262252064E+04  0.755586923382E+02 -0.107051245826E+01
  0.774596869984E+05 -0.336471667334E+04  0.723475499811E+02 -0.102407627053E+01
  0.741662937988E+05 -0.322309380219E+04  0.692757032705E+02 -0.979582729565E+00
  0.710114961171E+05 -0.308748114384E+04  0.663373246769E+02 -0.936968314418E+00
  0.679894153296E+05 -0.295761739943E+04  0.635267771299E+02 -0.896171292458E+00
  0.650944285361E+05 -0.283325235905E+04  0.608386086743E+02 -0.857131255092E+00
  0.623211576544E+05 -0.271414653546E+04  0.582675485179E+02 -0.819788751053E+00
  0.596644588787E+05 -0.260007080468E+04  0.558085041772E+02 -0.784085017496E+00
  0.571194124932E+05 -0.249080605138E+04  0.534565594299E+02 -0.749961802690E+00
  0.546813130395E+05 -0.238614281793E+04  0.512069727971E+02 -0.717361264837E+00
  0.523456598331E+05 -0.228588095613E+04  0.490551763253E+02 -0.686225946167E+00
  0.501081478273E+05 -0.218982928132E+04  0.469967744460E+02 -0.656498801182E+00
  0.479646588216E+05 -0.209780522883E+04  0.450275427458E+02 -0.628123273454E+00
  0.459112530123E+05 -0.200963451316E+04  0.431434265058E+02 -0.601043407391E+00
  0.439441608822E+05 -0.192515079037E+04  0.413405389025E+02 -0.575203982361E+00
  0.420597754268E+05 -0.184419532451E+04  0.396151588055E+02 -0.550550663826E+00
  0.402546447104E+05 -0.176661665889E+04  0.379637281191E+02 -0.527030156508E+00
  0.385254647495E+05 -0.169227029312E+04  0.363828486630E+02 -0.504590358696E+00
  0.368690727147E+05 -0.162101836687E+04  0.348692785901E+02 -0.483180507701E+00
  0.352824404459E+05 -0.155272935121E+04  0.334199283667E+02 -0.462751312069E+00
  0.337626682717E+05 -0.148727774842E+04  0.320318563552E+02 -0.443255068934E+00
  0.323069791246E+05 -0.142454380091E+04  0.307022640439E+02 -0.424645762264E+00
  0.309127129420E+05 -0.136441321011E+04  0.294284909832E+02 -0.406879142283E+00
  0.295773213437E+05 -0.130677686557E+04  0.282080094828E+02 -0.389912784238E+00
  0.282983625748E+05 -0.125153058496E+04  0.270384191325E+02 -0.373706126891E+00
  0.270734967029E+05 -0.119857486508E+04  0.259174412077E+02 -0.358220493335E+00
  0.259004810585E+05 -0.114781464414E+04  0.248429130133E+02 -0.343419092906E+00
  0.247771659083E+05 -0.109915907539E+04  0.238127822221E+02 -0.329267007169E+00
  0.237014903481E+05 -0.105252131197E+04  0.228251012553E+02 -0.315731161380E+00
  0.226714784062E+05 -0.100781830294E+04  0.218780217488E+02 -0.302780283605E+00
  0.216852353448E+05 -0.964970600296E+03  0.209697891429E+02 -0.290384853067E+00
  0.207409441487E+05 -0.923902176569E+03  0.200987374275E+02 -0.278517039916E+00
  0.198368621926E+05 -0.884540252834E+03  0.192632840681E+02 -0.267150637565E+00
  0.189713180732E+05 -0.846815136610E+03  0.184619251351E+02 -0.256260990567E+00
  0.181427086007E+05 -0.810660069312E+03  0.176932306496E+02 -0.245824918144E+00
  0.173494959371E+05 -0.776011082767E+03  0.169558401590E+02 -0.235820636277E+00
  0.165902048739E+05 -0.742806864358E+03  0.162484585476E+02 -0.226227678257E+00
  0.158634202404E+05 -0.710988630298E+03  0.155698520833E+02 -0.217026815342E+00
  0.151677844354E+05 -0.680500006577E+03  0.149188447054E+02 -0.208199979292E+00
  0.145019950735E+05 -0.651286917104E+03  0.142943145424E+02 -0.199730185622E+00
  0.138648027408E+05 -0.623297478576E+03  0.136951906621E+02 -0.191601460513E+00
  0.132550088514E+05 -0.596481901633E+03  0.131204500400E+02 -0.183798769584E+00
  0.126714636010E+05 -0.570792397862E+03  0.125691147415E+02 -0.176307950766E+00
  0.121130640099E+05 -0.546183092231E+03  0.120402493057E+02 -0.169115650668E+00
  0.115787520514E+05 -0.522609940572E+03  0.115329583205E+02 -0.162209264341E+00
  0.110675128599E+05 -0.500030651724E+03  0.110463841777E+02 -0.155576879216E+00
  0.105783730154E+05 -0.478404614006E+03  0.105797049966E+02 -0.149207222933E+00
  0.101103988992E+05 -0.457692825682E+03  0.101321327045E+02 -0.143089614602E+00
  0.966269511660E+04 -0.437857829117E+03  0.970291126258E+01 -0.137213920340E+00
  0.923440298483E+04 -0.418863648353E+03  0.929131502597E+01 -0.131570511947E+00
  0.882469908099E+04 -0.400675729836E+03  0.889664722707E+01 -0.126150229024E+00
  0.843279384815E+04 -0.383260886069E+03  0.851823857289E+01 -0.120944344849E+00
  0.805793025631E+04 -0.366587241958E+03  0.815544594462E+01 -0.115944534543E+00
  0.769938251576E+04 -0.350624183673E+03  0.780765119265E+01 -0.111142846876E+00
  0.735645484044E+04 -0.335342309828E+03  0.747426001620E+01 -0.106531678036E+00
  0.702848025895E+04 -0.320713384830E+03  0.715470092136E+01 -0.102103748278E+00
  0.671481947129E+04 -0.306710294232E+03  0.684842424942E+01 -0.978520807626E-01
  0.641485974923E+04 -0.293307001975E+03  0.655490126865E+01 -0.937699823176E-01
  0.612801387854E+04 -0.280478509385E+03  0.627362332349E+01 -0.898510260051E-01
  0.585371914145E+04 -0.268200815816E+03  0.600410103619E+01 -0.860890357270E-01
  0.559143633763E+04 -0.256450880851E+03  0.574586355465E+01 -0.824780718907E-01
  0.534064884227E+04 -0.245206587957E+03  0.549845784312E+01 -0.790124188443E-01
  0.510086169973E+04 -0.234446709527E+03  0.526144801059E+01 -0.756865731536E-01
  0.487160075164E+04 -0.224150873226E+03  0.503441467439E+01 -0.724952333634E-01
  0.465241179786E+04 -0.214299529577E+03  0.481695435444E+01 -0.694332903150E-01
  0.444285978935E+04 -0.204873920739E+03  0.460867889645E+01 -0.664958186146E-01
  0.424252805169E+04 -0.195856050402E+03  0.440921492075E+01 -0.636780687249E-01
  0.405101753814E+04 -0.187228654767E+03  0.421820329498E+01 -0.609754597754E-01
  0.386794611120E+04 -0.178975174556E+03  0.403529862807E+01 -0.583835728192E-01
  0.369294785170E+04 -0.171079728018E+03  0.386016878461E+01 -0.558981447817E-01
  0.352567239433E+04 -0.163527084883E+03  0.369249441736E+01 -0.535150627527E-01
  0.336578428880E+04 -0.156302641237E+03  0.353196851675E+01 -0.512303585670E-01
  0.321296238572E+04 -0.149392395279E+03  0.337829597672E+01 -0.490402039943E-01
  0.306689924621E+04 -0.142782923938E+03  0.323119317503E+01 -0.469409058932E-01
  0.292730057454E+04 -0.136461360305E+03  0.309038756795E+01 -0.449289019223E-01
  0.279388467290E+04 -0.130415371875E+03  0.295561729803E+01 -0.430007562187E-01
  0.266638191757E+04 -0.124633139548E+03  0.282663081456E+01 -0.411531554349E-01
  0.254453425568E+04 -0.119103337385E+03  0.270318650613E+01 -0.393829049204E-01
  0.242809472190E+04 -0.113815113087E+03  0.258505234459E+01 -0.376869249714E-01
  0.231682697423E+04 -0.108758069173E+03  0.247200554015E+01 -0.360622473385E-01
  0.221050484835E+04 -0.103922244835E+03  0.236383220715E+01 -0.345060117289E-01
  0.210891192971E+04 -0.992980984558E+02  0.226032704011E+01 -0.330154624896E-01
  0.201184114283E+04 -0.948764907630E+02  0.216129299987E+01 -0.315879453971E-01
  0.191909435712E+04 -0.906486685995E+02  0.206654100935E+01 -0.302209044897E-01
  0.183048200863E+04 -0.866062492943E+02  0.197588965874E+01 -0.289118789645E-01
  0.174582273711E+04 -0.827412056137E+02  0.188916492002E+01 -0.276585002563E-01
  0.166494303792E+04 -0.790458512744E+02  0.180619987032E+01 -0.264584890561E-01
  0.158767692803E+04 -0.755128270009E+02  0.172683442409E+01 -0.253096524858E-01
  0.151386562580E+04 -0.721350871102E+02  0.165091507392E+01 -0.242098813327E-01
  0.144335724388E+04 -0.689058866064E+02  0.157829463948E+01 -0.231571472843E-01
  0.137600649477E+04 -0.658187687693E+02  0.150883202484E+01 -0.221495002848E-01
  0.131167440852E+04 -0.628675532204E+02  0.144239198373E+01 -0.211850659531E-01
  0.125022806222E+04 -0.600463244508E+02  0.137884489251E+01 -0.202620430259E-01
  0.119154032062E+04 -0.573494207949E+02  0.131806653086E+01 -0.193787009030E-01
  0.113548958765E+04 -0.547714238359E+02  0.125993786978E+01 -0.185333771756E-01
  0.108195956831E+04 -0.523071482278E+02  0.120434486701E+01 -0.177244753215E-01
  0.103083904047E+04 -0.499516319198E+02  0.115117826943E+01 -0.169504623866E-01
  0.982021636360E+03 -0.477001267681E+02  0.110033342231E+01 -0.162098667083E-01
  0.935405633148E+03 -0.455480895236E+02  0.105171008551E+01 -0.155012757870E-01
  0.890893752434E+03 -0.434911731799E+02  0.100521225593E+01 -0.148233340950E-01
  0.848392968176E+03 -0.415252186703E+02  0.960747996683E+00 -0.141747410678E-01
  0.807814322761E+03 -0.396462469002E+02  0.918229272157E+00 -0.135542490364E-01
  0.769072750884E+03 -0.378504511030E+02  0.877571789356E+00 -0.129606613049E-01
  0.732086910909E+03 -0.361341895082E+02  0.838694845008E+00 -0.123928302501E-01
  0.696779023416E+03 -0.344939783089E+02  0.801521178357E+00 -0.118496554602E-01
  0.663074716630E+03 -0.329264849186E+02  0.765976829518E+00 -0.113300819499E-01
  0.630902878459E+03 -0.314285215054E+02  0.731991003216E+00 -0.108330984448E-01
  0.600195514858E+03 -0.299970387943E+02  0.699495937673E+00 -0.103577356820E-01
  0.570887614266E+03 -0.286291201260E+02  0.668426778584E+00 -0.990306480399E-02
  0.542917017854E+03 -0.273219757632E+02  0.638721457909E+00 -0.946819575980E-02
  0.516224295353E+03 -0.260729374347E+02  0.610320577453E+00 -0.905227580431E-02
  0.490752626220E+03 -0.248794531072E+02  0.583167296971E+00 -0.865448802871E-02
  0.466447685921E+03 -0.237390819773E+02  0.557207226672E+00 -0.827404991850E-02
  0.443257537121E+03 -0.226494896738E+02  0.532388324025E+00 -0.791021200291E-02
  0.421132525559E+03 -0.216084436617E+02  0.508660794660E+00 -0.756225652538E-02
  0.400025180435E+03 -0.206138088420E+02  0.485976997231E+00 -0.722949616096E-02
  0.379890119095E+03 -0.196635433360E+02  0.464291352118E+00 -0.691127278105E-02
  0.360683955838E+03 -0.187556944501E+02  0.443560253851E+00 -0.660695627990E-02
  0.342365214685E+03 -0.178883948112E+02  0.423741987055E+00 -0.631594341770E-02
  0.324894245918E+03 -0.170598586674E+02  0.404796645859E+00 -0.603765672827E-02
  0.308233146240E+03 -0.162683783458E+02  0.386686056587E+00 -0.577154344943E-02
  0.292345682407E+03 -0.155123208630E+02  0.369373703644E+00 -0.551707450406E-02
  0.277197218173E+03 -0.147901246792E+02  0.352824658474E+00 -0.527374352318E-02
  0.262754644409E+03 -0.141002965929E+02  0.337005511441E+00 -0.504106589409E-02
  0.248986312261E+03 -0.134414087677E+02  0.321884306573E+00 -0.481857786266E-02
  0.235861969222E+03 -0.128120958881E+02  0.307430478989E+00 -0.460583564368E-02
  0.223352697978E+03 -0.122110524371E+02  0.293614794997E+00 -0.440241459788E-02
  0.211430857921E+03 -0.116370300909E+02  0.280409294662E+00 -0.420790841533E-02
  0.200070029216E+03 -0.110888352268E+02  0.267787236833E+00 -0.402192835463E-02
  0.189244959298E+03 -0.105653265382E+02  0.255723046439E+00 -0.384410247905E-02
  0.178931511704E+03 -0.100654127527E+02  0.244192264072E+00 -0.367407496581E-02
  0.169106617140E+03 -0.958805044949E+01  0.233171497666E+00 -0.351150540516E-02
  0.159748226683E+03 -0.913224197037E+01  0.222638376248E+00 -0.335606815283E-02
  0.150835267021E+03 -0.869703342233E+01  0.212571505659E+00 -0.320745169569E-02
  0.142347597652E+03 -0.828151276610E+01  0.202950426160E+00 -0.306535805268E-02
  0.134265969954E+03 -0.788480798794E+01  0.193755571843E+00 -0.292950218607E-02
  0.126571988036E+03 -0.750608535082E+01  0.184968231803E+00 -0.279961145797E-02
  0.119248071306E+03 -0.714454772158E+01  0.176570512946E+00 -0.267542508767E-02
  0.112277418672E+03 -0.679943297095E+01  0.168545304418E+00 -0.255669364591E-02
  0.105643974312E+03 -0.647001244306E+01  0.160876243558E+00 -0.244317857060E-02
  0.993323949336E+02 -0.615558949165E+01  0.153547683301E+00 -0.233465168633E-02
  0.933280184736E+02 -0.585549808011E+01  0.146544661018E+00 -0.223089476771E-02
  0.876168341598E+02 -0.556910144238E+01  0.139852868674E+00 -0.213169910329E-02
  0.821854538869E+02 -0.529579080234E+01  0.133458624287E+00 -0.203686508363E-02
  0.770210848438E+02 -0.503498414902E+01  0.127348844625E+00 -0.194620181088E-02
  0.721115033376E+02 -0.478612506520E+01  0.121511019079E+00 -0.185952671705E-02
  0.674450297648E+02 -0.454868160719E+01  0.115933184670E+00 -0.177666520423E-02
  0.630105046770E+02 -0.432214523346E+01  0.110603902147E+00 -0.169745029891E-02
  0.587972658954E+02 -0.410602978007E+01  0.105512233112E+00 -0.162172232093E-02
  0.547951266262E+02 -0.389987048081E+01  0.100647718148E+00 -0.154932856466E-02
  0.509943545349E+02 -0.370322303020E+01  0.960003558947E-01 -0.148012299900E-02
  0.473856517376E+02 -0.351566268741E+01  0.915605830295E-01 -0.141396597092E-02
  0.439601356673E+02 -0.333678341927E+01  0.873192551316E-01 -0.135072393382E-02
  0.407093207792E+02 -0.316619708080E+01  0.832676283706E-01 -0.129026917911E-02
  0.376251010576E+02 -0.300353263160E+01  0.793973419915E-01 -0.123247957938E-02
  0.346997332884E+02 -0.284843538635E+01  0.757004015735E-01 -0.117723834919E-02
  0.319258210653E+02 -0.270056629826E+01  0.721691630071E-01 -0.112443380844E-02
  0.292962994962E+02 -0.255960127367E+01  0.687963171788E-01 -0.107395916148E-02
  0.268044205806E+02 -0.242523051679E+01  0.655748753205E-01 -0.102571228345E-02
  0.244437392268E+02 -0.229715790300E+01  0.624981549984E-01 -0.979595515844E-03
  0.222080998833E+02 -0.217510037955E+01  0.595597667171E-01 -0.935515472962E-03
  0.200916237550E+02 -0.205878739254E+01  0.567536011012E-01 -0.893382852078E-03
  0.180886965807E+02 -0.194796033889E+01  0.540738166488E-01 -0.853112259035E-03
  0.161939569462E+02 -0.184237204237E+01  0.515148280070E-01 -0.814622033785E-03
  0.144022851098E+02 -0.174178625246E+01  0.490712947706E-01 -0.777834089395E-03
  0.127087923180E+02 -0.164597716519E+01  0.467381107654E-01 -0.742673755749E-03
  0.111088105898E+02 -0.155472896492E+01  0.445103937983E-01 -0.709069628237E-03
  0.959788294909E+01 -0.146783538621E+01  0.423834758611E-01 -0.676953427311E-03
  0.817175408532E+01 -0.138509929477E+01  0.403528937587E-01 -0.646259860741E-03
  0.682636142444E+01 -0.130633228683E+01  0.384143801466E-01 -0.616926492357E-03
  0.555782659126E+01 -0.123135430602E+01  0.365638549642E-01 -0.588893618485E-03
  0.436244724659E+01 -0.115999327695E+01  0.347974172390E-01 -0.562104147410E-03
  0.323668928274E+01 -0.109208475491E+01  0.331113372515E-01 -0.536503485576E-03
  0.217717936159E+01 -0.102747159086E+01  0.315020490407E-01 -0.512039427699E-03
  0.118069778034E+01 -0.966003611065E+00  0.299661432412E-01 -0.488662053347E-03
  0.244171650465E+00 -0.907537310743E+00  0.285003602299E-01 -0.466323626514E-03
 -0.635331623674E+00 -0.851935561163E+00  0.271015835730E-01 -0.444978499392E-03
 -0.146061057976E+01 -0.799067329515E+00  0.257668337615E-01 -0.424583021660E-03
 -0.223433565854E+01 -0.748807411057E+00  0.244932622206E-01 -0.405095453717E-03
 -0.295905490283E+01 -0.701036172977E+00  0.232781455786E-01 -0.386475881974E-03
 -0.363719940611E+01 -0.655639309465E+00  0.221188801882E-01 -0.368686139205E-03
 -0.427108852153E+01 -0.612507607507E+00  0.210129768891E-01 -0.351689729171E-03
 -0.486293484187E+01 -0.571536722916E+00  0.199580559956E-01 -0.335451752146E-03
 -0.541484896054E+01 -0.532626966181E+00  0.189518425071E-01 -0.319938835956E-03
 -0.592884402305E+01 -0.495683097675E+00  0.179921615268E-01 -0.305119069077E-03
 -0.640684007827E+01 -0.460614131828E+00  0.170769338801E-01 -0.290961936691E-03
 -0.685066823816E+01 -0.427333149878E+00  0.162041719244E-01 -0.277438259163E-03
 -0.726207465437E+01 -0.395757120807E+00  0.153719755450E-01 -0.264520134868E-03
 -0.764272431977E+01 -0.365806730122E+00  0.145785283213E-01 -0.252180882650E-03
 -0.799420470245E+01 -0.337406216127E+00  0.138220938651E-01 -0.240394989860E-03
 -0.831802921970E+01 -0.310483213367E+00  0.131010123166E-01 -0.229138060783E-03
 -0.861564055881E+01 -0.284968602916E+00  0.124136969937E-01 -0.218386767684E-03
 -0.888841385150E+01 -0.260796369231E+00  0.117586311882E-01 -0.208118804050E-03
 -0.913765970835E+01 -0.237903463267E+00  0.111343651027E-01 -0.198312840385E-03
 -0.936462711935E+01 -0.216229671583E+00  0.105395129197E-01 -0.188948481202E-03
 -0.957050622650E+01 -0.195717491187E+00  0.997275000057E-02 -0.180006224255E-03
 -0.975643097391E+01 -0.176312009859E+00  0.943281020583E-02 -0.171467421592E-03
 -0.992348164098E+01 -0.157960791712E+00  0.891848333235E-02 -0.163314241851E-03
 -0.100726872636E+02 -0.140613767773E+00  0.842861266399E-02 -0.155529635185E-03
 -0.102050279483E+02 -0.124223131350E+00  0.796209262775E-02 -0.148097298743E-03
 -0.103214370844E+02 -0.108743237991E+00  0.751786655253E-02 -0.141001643799E-03
 -0.104228034575E+02 -0.941305098173E-01  0.709492452738E-02 -0.134227765310E-03
 -0.105099732705E+02 -0.803433440585E-01  0.669230135091E-02 -0.127761411277E-03
 -0.105837520746E+02 -0.673420255905E-01  0.630907457192E-02 -0.121588954438E-03
 -0.106449066146E+02 -0.550886433100E-01  0.594436261561E-02 -0.115697365246E-03
 -0.106941665927E+02 -0.435470101745E-01  0.559732299071E-02 -0.110074185395E-03
 -0.107322263540E+02 -0.326825867493E-01  0.526715057612E-02 -0.104707503238E-03
 -0.107597464977E+02 -0.224624081068E-01  0.495307598093E-02 -0.995859293753E-04
 -0.107773554158E+02 -0.128550139330E-01  0.465436397804E-02 -0.946985745567E-04
 -0.107856507643E+02 -0.383038170063E-02  0.437031200382E-02 -0.900350269746E-04
 -0.107852008690E+02  0.464013722608E-02  0.410024872583E-02 -0.855853322378E-04
 -0.107765460684E+02  0.125838786810E-01  0.384353267108E-02 -0.813399728369E-04
 -0.107601999970E+02  0.200269241047E-01  0.359955091522E-02 -0.772898492194E-04
 -0.107366508118E+02  0.269941563875E-01  0.336771782914E-02 -0.734262617226E-04
 -0.107063623639E+02  0.335093132606E-01  0.314747387922E-02 -0.697408926439E-04
 -0.106697753176E+02  0.395950383411E-01  0.293828448160E-02 -0.662257900758E-04
 -0.106273082206E+02  0.452729299340E-01  0.273963890523E-02 -0.628733516304E-04
 -0.105793585251E+02  0.505635876896E-01  0.255104922312E-02 -0.596763091112E-04
 -0.105263035645E+02  0.554866572085E-01  0.237204930994E-02 -0.566277140638E-04
 -0.104685014857E+02  0.600608726862E-01  0.220219388303E-02 -0.537209238818E-04
 -0.104062921401E+02  0.643040976806E-01  0.204105758504E-02 -0.509495881415E-04
 -0.103399979344E+02  0.682333640863E-01  0.188823410729E-02 -0.483076361167E-04
 -0.102699246438E+02  0.718649093925E-01  0.174333535093E-02 -0.457892644004E-04
 -0.101963621884E+02  0.752142123012E-01  0.160599062507E-02 -0.433889252865E-04
 -0.101195853744E+02  0.782960267755E-01  0.147584587968E-02 -0.411013154888E-04
 -0.100398546030E+02  0.811244145883E-01  0.135256297248E-02 -0.389213656667E-04
 -0.995741654682E+01  0.837127764363E-01  0.123581896734E-02 -0.368442299850E-04
 -0.987250479565E+01  0.860738816810E-01  0.112530546361E-02 -0.348652763806E-04
 -0.978534047378E+01  0.882198967791E-01  0.102072795508E-02 -0.329800773733E-04
 -0.969613282912E+01  0.901624124571E-01  0.921805216202E-03 -0.311844008541E-04
 -0.960507979585E+01  0.919124696870E-01  0.828268716015E-03 -0.294742017367E-04
 -0.951236853165E+01  0.934805845138E-01  0.739862057268E-03 -0.278456137698E-04
 -0.941817593069E+01  0.948767717870E-01  0.656340439995E-03 -0.262949416044E-04
 -0.932266911340E+01  0.961105678422E-01  0.577470148724E-03 -0.248186533197E-04
 -0.922600589407E+01  0.971910521797E-01  0.503028062397E-03 -0.234133734582E-04
 -0.912833522720E+01  0.981268681841E-01  0.432801184991E-03 -0.220758758612E-04
 -0.902979763370E+01  0.989262429265E-01  0.366586197615E-03 -0.208030774320E-04
 -0.893052560766E+01  0.995970060894E-01  0.304189029495E-03 -0.195920316885E-04
 -0.883064400457E+01  0.100146608053E+00  0.245424448193E-03 -0.184399228945E-04
 -0.873027041199E+01  0.100582137181E+00  0.190115667301E-03 -0.173440601252E-04
 -0.862951550320E+01  0.100910336335E+00  0.138093972028E-03 -0.163018720627E-04
 -0.852848337477E+01  0.101137618663E+00  0.891983606008E-04 -0.153109016229E-04
 -0.842727186865E+01  0.101270082680E+00  0.432752015248E-04 -0.143688009050E-04
 -0.832597287957E+01  0.101313526680E+00  0.177906089693E-06 -0.134733265117E-04
 -0.822467264831E+01  0.101273462512E+00 -0.402333851625E-04 -0.126223348011E-04
 -0.812345204151E+01  0.101155128738E+00 -0.780921016336E-04 -0.118137777372E-04
 -0.802238681866E+01  0.100963503201E+00 -0.113525529406E-03 -0.110456984710E-04
 -0.792154788668E+01  0.100703315047E+00 -0.146655084831E-03 -0.103162274933E-04
 -0.782100154295E+01  0.100379056195E+00 -0.177596576411E-03 -0.962357874576E-05
 -0.772080970691E+01  0.999949923058E-01 -0.206460455245E-03 -0.896604586537E-05
 -0.762103014110E+01  0.995551732578E-01 -0.233352054021E-03 -0.834199888594E-05
 -0.752171666190E+01  0.990634431531E-01 -0.258371816179E-03 -0.774988063906E-05
 -0.742291934044E+01  0.985234498788E-01 -0.281615514335E-03 -0.718820375273E-05
 -0.732468469428E+01  0.979386542389E-01 -0.303174459496E-03 -0.665554751644E-05
 -0.722705587005E+01  0.973123386773E-01 -0.323135701152E-03 -0.615055483205E-05
 -0.713007281763E+01  0.966476156105E-01 -0.341582218046E-03 -0.567192963868E-05
 -0.703377245617E+01  0.959474353855E-01 -0.358593101262E-03 -0.521843397233E-05
 -0.693818883232E+01  0.952145938811E-01 -0.374243728565E-03 -0.478888561237E-05
 -0.684335327105E+01  0.944517397671E-01 -0.388605931435E-03 -0.438215558038E-05
 -0.674929451937E+01  0.936613814375E-01 -0.401748154863E-03 -0.399716566196E-05
 -0.665603888325E+01  0.928458936308E-01 -0.413735609719E-03 -0.363288629457E-05
 -0.656361035812E+01  0.920075237525E-01 -0.424630418597E-03 -0.328833441549E-05
 -0.647203075312E+01  0.911483979120E-01 -0.434491755244E-03 -0.296257138438E-05
 -0.638131980953E+01  0.902705266874E-01 -0.443375977899E-03 -0.265470095995E-05
 -0.629149531352E+01  0.893758106287E-01 -0.451336756465E-03 -0.236386754576E-05
 -0.620257320352E+01  0.884660455131E-01 -0.458425194391E-03 -0.208925428696E-05
 -0.611456767245E+01  0.875429273615E-01 -0.464689944894E-03 -0.183008144361E-05
 -0.602749126512E+01  0.866080572274E-01 -0.470177322303E-03 -0.158560464264E-05
 -0.594135497082E+01  0.856629457688E-01 -0.474931408105E-03 -0.135511346799E-05
 -0.585616831157E+01  0.847090176122E-01 -0.478994152851E-03 -0.113792973022E-05
 -0.577193942604E+01  0.837476155173E-01 -0.482405472812E-03 -0.933406305026E-06
 -0.568867514940E+01  0.827800043528E-01 -0.485203343171E-03 -0.740925475695E-06
 -0.560638108932E+01  0.818073748900E-01 -0.487423886176E-03 -0.559897951724E-06
 -0.552506169821E+01  0.808308474238E-01 -0.489101456439E-03 -0.389761218911E-06
 -0.544472034201E+01  0.798514752273E-01 -0.490268721364E-03 -0.229978688815E-06
 -0.536535936548E+01  0.788702478485E-01 -0.490956738680E-03 -0.800384299393E-07
 -0.528698015441E+01  0.778880942558E-01 -0.491195030598E-03  0.605480953153E-07
 -0.520958319464E+01  0.769058858389E-01 -0.491011653980E-03  0.192246777164E-06
 -0.513316812820E+01  0.759244392713E-01 -0.490433268111E-03  0.315502059423E-06
 -0.505773380670E+01  0.749445192413E-01 -0.489485199198E-03  0.430737920110E-06
 -0.498327834192E+01  0.739668410566E-01 -0.488191501658E-03  0.538358584046E-06
 -0.490979915400E+01  0.729920731291E-01 -0.486575017399E-03  0.638749693693E-06
 -0.483729301714E+01  0.720208393433E-01 -0.484657431608E-03  0.732278860965E-06
 -0.476575610295E+01  0.710537213167E-01 -0.475007364112E-03 -0.726620088209E-05
 -0.469518465520E+01  0.700819079858E-01 -0.514403981381E-03  0.164662783186E-05
 -0.462561550457E+01  0.690580399066E-01 -0.509463289573E-03  0.168528913314E-05
 -0.455706524266E+01  0.680441691948E-01 -0.504406658545E-03  0.172002131418E-05
 -0.448952376011E+01  0.670405159417E-01 -0.499245873504E-03  0.175104226935E-05
 -0.442298073899E+01  0.660472773215E-01 -0.493992066087E-03  0.177855961181E-05
 -0.435742567518E+01  0.650646288681E-01 -0.488655745188E-03  0.180277086753E-05
 -0.429284789929E+01  0.640927256904E-01 -0.483246827210E-03  0.182386419750E-05
 -0.422923659656E+01  0.631317036285E-01 -0.477774664178E-03  0.184201856462E-05
 -0.416658082558E+01  0.621816803559E-01 -0.472248071286E-03  0.185740436406E-05
 -0.410486953589E+01  0.612427564264E-01 -0.466675352599E-03  0.187018361864E-05
 -0.404409158463E+01  0.603150162720E-01 -0.461064326213E-03  0.188051058059E-05
 -0.398423575217E+01  0.593985291514E-01 -0.455422347550E-03  0.188853181832E-05
 -0.392529075684E+01  0.584933500517E-01 -0.449756332349E-03  0.189438680540E-05
 -0.386724526873E+01  0.575995205474E-01 -0.444072778026E-03  0.189820808416E-05
 -0.381008792275E+01  0.567170696156E-01 -0.438377784423E-03  0.190012167148E-05
 -0.375380733080E+01  0.558460144118E-01 -0.432677073416E-03  0.190024730554E-05
 -0.369839209321E+01  0.549863610069E-01 -0.426976007680E-03  0.189869872755E-05
 -0.364383080952E+01  0.541381050877E-01 -0.421279608737E-03  0.189558403266E-05
 -0.359011208845E+01  0.533012326223E-01 -0.415592573865E-03  0.189100580952E-05
 -0.353722455740E+01  0.524757204920E-01 -0.409919292634E-03  0.188506153467E-05
 -0.348515687114E+01  0.516615370914E-01 -0.404263862267E-03  0.187784367464E-05
 -0.343389772007E+01  0.508586428979E-01 -0.398630102571E-03  0.186943996991E-05
 -0.338343583783E+01  0.500669910126E-01 -0.393021570195E-03  0.185993372054E-05
 -0.333376000845E+01  0.492865276734E-01 -0.387441571949E-03  0.184940386613E-05
 -0.328485907295E+01  0.485171927411E-01 -0.381893177841E-03  0.183792529540E-05
 -0.323672193546E+01  0.477589201613E-01 -0.376379233267E-03  0.182556897257E-05
 -0.318933756896E+01  0.470116384017E-01 -0.370902370754E-03  0.181240214461E-05
 -0.314269502053E+01  0.462752708666E-01 -0.365465021120E-03  0.179848851853E-05
 -0.309678341620E+01  0.455497362899E-01 -0.360069424096E-03  0.178388841268E-05
 -0.305159196544E+01  0.448349491070E-01 -0.354717638498E-03  0.176865894280E-05
 -0.300710996531E+01  0.441308198068E-01 -0.349411551810E-03  0.175285412043E-05
 -0.296332680421E+01  0.434372552655E-01 -0.344152889534E-03  0.173652509761E-05
 -0.292023196530E+01  0.427541590618E-01 -0.338943223736E-03  0.171972015518E-05
 -0.287781502975E+01  0.420814317748E-01 -0.333783981639E-03  0.170248499662E-05
 -0.283606567947E+01  0.414189712665E-01 -0.328676453401E-03  0.168486275981E-05
 -0.279497369979E+01  0.407666729480E-01 -0.323621799769E-03  0.166689418835E-05
 -0.275452898175E+01  0.401244300310E-01 -0.318621059328E-03  0.164861777249E-05
 -0.271472152416E+01  0.394921337656E-01 -0.313675155191E-03  0.163006974327E-05
 -0.267554143548E+01  0.388696736645E-01 -0.308784901777E-03  0.161128434129E-05
 -0.263697893543E+01  0.382569377140E-01 -0.303951010827E-03  0.159229378097E-05
 -0.259902435644E+01  0.376538125736E-01 -0.299174097453E-03  0.157312843513E-05
 -0.256166814483E+01  0.370601837640E-01 -0.294454685660E-03  0.155381685565E-05
 -0.252490086194E+01  0.364759358433E-01 -0.289793213806E-03  0.153438593384E-05
 -0.248871318492E+01  0.359009525735E-01 -0.285190039609E-03  0.151486092315E-05
 -0.245309590753E+01  0.353351170770E-01 -0.280645445045E-03  0.149526556156E-05
 -0.241803994063E+01  0.347783119836E-01 -0.276159640886E-03  0.147562210222E-05
 -0.238353631266E+01  0.342304195682E-01 -0.271732771140E-03  0.145595143088E-05
 -0.234957616992E+01  0.336913218802E-01 -0.267364917194E-03  0.143627312840E-05
 -0.231615077668E+01  0.331609008652E-01 -0.263056101699E-03  0.141660549123E-05
 -0.228325151531E+01  0.326390384782E-01 -0.258806292428E-03  0.139696566848E-05
 -0.225086988616E+01  0.321256167904E-01 -0.254615405720E-03  0.137736964161E-05
 -0.221899750740E+01  0.316205180879E-01 -0.250483309974E-03  0.135783236203E-05
 -0.218762611479E+01  0.311236249650E-01 -0.246409828746E-03  0.133836772336E-05
 -0.215674756129E+01  0.306348204107E-01 -0.242394743921E-03  0.131898870631E-05
 -0.212635381664E+01  0.301539878890E-01 -0.238437798480E-03  0.129970734093E-05
 -0.209643696684E+01  0.296810114140E-01 -0.234538699289E-03  0.128053479054E-05
 -0.206698921359E+01  0.292157756198E-01 -0.230697119741E-03  0.126148142374E-05
 -0.203800287361E+01  0.287581658246E-01 -0.226912702132E-03  0.124255680328E-05
 -0.200947037793E+01  0.283080680908E-01 -0.223185060084E-03  0.122376978458E-05
 -0.198138427113E+01  0.278653692800E-01 -0.219513780655E-03  0.120512848738E-05
 -0.195373721050E+01  0.274299571041E-01 -0.215898426541E-03  0.118664040986E-05
 -0.192652196518E+01  0.270017201723E-01 -0.212338537975E-03  0.116831240418E-05
 -0.189973141523E+01  0.265805480335E-01 -0.208833634623E-03  0.115015073004E-05
 -0.187335855068E+01  0.261663312165E-01 -0.205383217378E-03  0.113216109468E-05
 -0.184739647052E+01  0.257589612650E-01 -0.201986770024E-03  0.111434868137E-05
 -0.182183838168E+01  0.253583307710E-01 -0.198643760797E-03  0.109671815697E-05
 -0.179667759795E+01  0.249643334039E-01 -0.195353643941E-03  0.107927374239E-05
 -0.177190753892E+01  0.245768639372E-01 -0.192115861037E-03  0.106201918124E-05
 -0.174752172882E+01  0.241958182727E-01 -0.188929842441E-03  0.104495783405E-05
 -0.172351379544E+01  0.238210934613E-01 -0.185795008434E-03  0.102809262950E-05
 -0.169987746889E+01  0.234525877223E-01 -0.182710770517E-03  0.101142615833E-05
 -0.167660658051E+01  0.230902004598E-01 -0.179676532435E-03  0.994960632453E-06
 -0.165369506162E+01  0.227338322768E-01 -0.176691691276E-03  0.978697935833E-06
 -0.163113694234E+01  0.223833849880E-01 -0.173755638492E-03  0.962639660672E-06
 -0.160892635035E+01  0.220387616300E-01 -0.170867760759E-03  0.946787080611E-06
 -0.158705750969E+01  0.216998664698E-01 -0.168027440946E-03  0.931141226831E-06
 -0.156552473952E+01  0.213666050115E-01 -0.165234058822E-03  0.915702826995E-06
 -0.154432245287E+01  0.210388840024E-01 -0.162486991975E-03  0.900472419983E-06
 -0.152344515539E+01  0.207166114357E-01 -0.159785616385E-03  0.885450265067E-06
 -0.150288744412E+01  0.203996965537E-01 -0.157129307252E-03  0.870636458490E-06
 -0.148264400623E+01  0.200880498486E-01 -0.154517439493E-03  0.856030850108E-06
 -0.146270961779E+01  0.197815830622E-01 -0.151949388479E-03  0.841633153802E-06
 -0.144307914249E+01  0.194802091847E-01 -0.149424530444E-03  0.827442858217E-06
 -0.142374753039E+01  0.191838424523E-01 -0.146942243146E-03  0.813459334136E-06
 -0.140470981672E+01  0.188923983441E-01 -0.144501906249E-03  0.799681775326E-06
 -0.138596112060E+01  0.186057935769E-01 -0.142102901830E-03  0.786109246947E-06
 -0.136749664382E+01  0.183239461010E-01 -0.139744614762E-03  0.772740671132E-06
 -0.134931166959E+01  0.180467750935E-01 -0.137426433169E-03  0.759574876649E-06
 -0.133140156136E+01  0.177742009517E-01 -0.135147748698E-03  0.746610553617E-06
 -0.131376176154E+01  0.175061452860E-01 -0.132907956908E-03  0.733846290082E-06
 -0.129638779037E+01  0.172425309111E-01 -0.130706457594E-03  0.721280598956E-06
 -0.127927524463E+01  0.169832818377E-01 -0.128542655029E-03  0.708911888345E-06
 -0.126241979654E+01  0.167283232633E-01 -0.126415958259E-03  0.696738494538E-06
 -0.124581719249E+01  0.164775815622E-01 -0.124325781313E-03  0.684758669121E-06
 -0.122946325195E+01  0.162309842756E-01 -0.122271543473E-03  0.672970614485E-06
 -0.121335386625E+01  0.159884601005E-01 -0.120252669420E-03  0.661372457661E-06
 -0.119748499745E+01  0.157499388791E-01 -0.118268589449E-03  0.649962272989E-06
 -0.118185267720E+01  0.155153515870E-01 -0.116318739631E-03  0.638738088206E-06
 -0.116645300561E+01  0.152846303220E-01 -0.114402561955E-03  0.627697884059E-06
 -0.115128215015E+01  0.150577082917E-01 -0.112519504480E-03  0.616839609342E-06
 -0.113633634453E+01  0.148345198016E-01 -0.110669021407E-03  0.606161156234E-06
 -0.112161188759E+01  0.146150002422E-01 -0.108850573263E-03  0.595660413740E-06
 -0.110710514226E+01  0.143990860770E-01 -0.107063626917E-03  0.585335224124E-06
 -0.109281253447E+01  0.141867148288E-01 -0.105307655699E-03  0.575183408475E-06
 -0.107873055211E+01  0.139778250676E-01 -0.103582139487E-03  0.565202785015E-06
 -0.106485574398E+01  0.137723563970E-01 -0.101886564704E-03  0.555391128986E-06
 -0.105118471876E+01  0.135702494410E-01 -0.100220424445E-03  0.545746229048E-06
 -0.103771414400E+01  0.133714458308E-01 -0.985832184395E-04  0.536265839225E-06
 -0.102444074512E+01  0.131758881914E-01 -0.969744531505E-04  0.526947728535E-06
 -0.101136130443E+01  0.129835201283E-01 -0.953936417463E-04  0.517789648387E-06
 -0.998472660156E+00  0.127942862138E-01 -0.938403041334E-04  0.508789348937E-06
 -0.985771705457E+00  0.126081319735E-01 -0.923139669671E-04  0.499944583579E-06
 -0.973255387506E+00  0.124250038734E-01 -0.908141636515E-04  0.491253111551E-06
 -0.960920706543E+00  0.122448493054E-01 -0.893404343050E-04  0.482712681025E-06
 -0.948764714960E+00  0.120676165748E-01 -0.878923258028E-04  0.474321068193E-06
 -0.936784516390E+00  0.118932548864E-01 -0.864693916924E-04  0.466076034433E-06
 -0.924977264819E+00  0.117217143311E-01 -0.850711922398E-04  0.457975374683E-06
 -0.913340163704E+00  0.115529458728E-01 -0.836972943290E-04  0.450016870622E-06
 -0.901870465109E+00  0.113869013347E-01 -0.823472714936E-04  0.442198335195E-06
 -0.890565468848E+00  0.112235333868E-01 -0.810207038270E-04  0.434517578574E-06
 -0.879422521647E+00  0.110627955318E-01 -0.797171779917E-04  0.426972442777E-06
 -0.868439016321E+00  0.109046420932E-01 -0.784362871414E-04  0.419560780708E-06
 -0.857612390954E+00  0.107490282012E-01 -0.771776308564E-04  0.412280445693E-06
 -0.846940128103E+00  0.105959097809E-01 -0.759408151555E-04  0.405129334167E-06
 -0.836419754008E+00  0.104452435386E-01 -0.747254523695E-04  0.398105338251E-06
 -0.826048837817E+00  0.102969869498E-01 -0.735311611556E-04  0.391206393079E-06
 -0.815824990821E+00  0.101510982467E-01 -0.723575663713E-04  0.384430432758E-06
 -0.805745865711E+00  0.100075364053E-01 -0.712042990615E-04  0.377775422684E-06
 -0.795809155829E+00  0.986626113341E-02 -0.700709963805E-04  0.371239349851E-06
 -0.786012594453E+00  0.972723285869E-02 -0.689573015215E-04  0.364820218958E-06
 -0.776353954075E+00  0.959041271631E-02 -0.678628636632E-04  0.358516061533E-06
 -0.766831045707E+00  0.945576253717E-02 -0.667873378905E-04  0.352324927948E-06
 -0.757441718182E+00  0.932324483617E-02 -0.657303851363E-04  0.346244894776E-06
 -0.748183857486E+00  0.919282280058E-02 -0.646916721060E-04  0.340274061005E-06
 -0.739055386084E+00  0.906446027855E-02 -0.636708712007E-04  0.334410544200E-06
 -0.730054262266E+00  0.893812176778E-02 -0.626676604774E-04  0.328652501783E-06
 -0.721178479506E+00  0.881377240433E-02 -0.616817235188E-04  0.322998092134E-06
 -0.712426065827E+00  0.869137795157E-02 -0.607127494254E-04  0.317445518289E-06
 -0.703795083180E+00  0.857090478928E-02 -0.597604327044E-04  0.311993002218E-06
 -0.695283626830E+00  0.845231990287E-02 -0.588244731841E-04  0.306638777245E-06
 -0.686889824762E+00  0.833559087284E-02 -0.579045759943E-04  0.301381123821E-06
 -0.678611837084E+00  0.822068586422E-02 -0.570004514265E-04  0.296218325646E-06
 -0.670447855453E+00  0.810757361634E-02 -0.561118149191E-04  0.291148709461E-06
 -0.662396102502E+00  0.799622343263E-02 -0.552383869302E-04  0.286170609074E-06
 -0.654454831286E+00  0.788660517060E-02 -0.543798929191E-04  0.281282402523E-06
 -0.646622324726E+00  0.777868923197E-02 -0.535360632102E-04  0.276482470510E-06
 -0.638896895075E+00  0.767244655296E-02 -0.527066329796E-04  0.271769236520E-06
 -0.631276883386E+00  0.756784859471E-02 -0.518913421420E-04  0.267141139893E-06
 -0.623760658992E+00  0.746486733385E-02 -0.510899352921E-04  0.262596645737E-06
 -0.616346618997E+00  0.736347525320E-02 -0.503021616240E-04  0.258134239473E-06
 -0.609033187771E+00  0.726364533267E-02 -0.495277748781E-04  0.253752439405E-06
 -0.601818816461E+00  0.716535104023E-02 -0.487665332441E-04  0.249449779863E-06
 -0.594701982504E+00  0.706856632308E-02 -0.480181993024E-04  0.245224819406E-06
 -0.587681189155E+00  0.697326559894E-02 -0.472825399612E-04  0.241076146327E-06
 -0.580754965020E+00  0.687942374745E-02 -0.465593263607E-04  0.237002361153E-06
 -0.573921863597E+00  0.678701610182E-02 -0.458483338431E-04  0.233002102914E-06
 -0.567180462827E+00  0.669601844044E-02 -0.451493418365E-04  0.229074017817E-06
 -0.560529364654E+00  0.660640697882E-02 -0.444621338225E-04  0.225216782786E-06
 -0.553967194592E+00  0.651815836152E-02 -0.437864972560E-04  0.221429097376E-06
 -0.547492601299E+00  0.643124965430E-02 -0.431222234918E-04  0.217709678816E-06
 -0.541104256158E+00  0.634565833636E-02 -0.424691077334E-04  0.214057272244E-06
 -0.534800852872E+00  0.626136229271E-02 -0.418269489497E-04  0.210470638598E-06
 -0.528581107058E+00  0.617833980672E-02 -0.411955498257E-04  0.206948564778E-06
 -0.522443755853E+00  0.609656955276E-02 -0.405747166856E-04  0.203489854900E-06
 -0.516387557527E+00  0.601603058896E-02 -0.399642594439E-04  0.200093339661E-06
 -0.510411291104E+00  0.593670235009E-02 -0.393639915197E-04  0.196757860732E-06
 -0.504513755987E+00  0.585856464063E-02 -0.387737298075E-04  0.193482292027E-06
 -0.498693771594E+00  0.578159762789E-02 -0.381932945797E-04  0.190265515398E-06
 -0.492950176995E+00  0.570578183528E-02 -0.376225094648E-04  0.187106445851E-06
 -0.487281830563E+00  0.563109813569E-02 -0.370612013478E-04  0.184004004403E-06
 -0.481687609625E+00  0.555752774501E-02 -0.365092003473E-04  0.180957141568E-06
 -0.476166410123E+00  0.548505221574E-02 -0.359663397280E-04  0.177964817289E-06
 -0.470717146282E+00  0.541365343073E-02 -0.354324558777E-04  0.175026023416E-06
 -0.465338750281E+00  0.534331359705E-02 -0.349073882157E-04  0.172139759579E-06
 -0.460030171933E+00  0.527401523989E-02 -0.343909791500E-04  0.169305041244E-06
 -0.454790378367E+00  0.520574119672E-02 -0.338830740486E-04  0.166520916821E-06
 -0.449618353723E+00  0.513847461137E-02 -0.333835211340E-04  0.163786432483E-06
 -0.444513098847E+00  0.507219892840E-02 -0.328921714878E-04  0.161100670448E-06
 -0.439473630989E+00  0.500689788744E-02 -0.324088789488E-04  0.158462715373E-06
 -0.434498983518E+00  0.494255551769E-02 -0.319335000984E-04  0.155871678325E-06
 -0.429588205629E+00  0.487915613252E-02 -0.314658941854E-04  0.153326680186E-06
 -0.424740362064E+00  0.481668432419E-02 -0.310059230956E-04  0.150826864016E-06
 -0.419954532836E+00  0.475512495859E-02 -0.305534512882E-04  0.148371385032E-06
 -0.415229812957E+00  0.469446317017E-02 -0.301083457546E-04  0.145959414589E-06
 -0.410565312173E+00  0.463468435691E-02 -0.296704759698E-04  0.143590139359E-06
 -0.405960154702E+00  0.457577417539E-02 -0.292397138534E-04  0.141262765718E-06
 -0.401413478978E+00  0.451771853598E-02 -0.288159337018E-04  0.138976504898E-06
 -0.396924437399E+00  0.446050359809E-02 -0.283990121802E-04  0.136730597095E-06
 -0.392492196082E+00  0.440411576552E-02 -0.279888282341E-04  0.134524281908E-06
 -0.388115934621E+00  0.434854168190E-02 -0.275852630853E-04  0.132356824060E-06
 -0.383794845845E+00  0.429376822620E-02 -0.271882001679E-04  0.130227498944E-06
 -0.379528135592E+00  0.423978250836E-02 -0.267975250852E-04  0.128135591717E-06
 -0.375315022473E+00  0.418657186496E-02 -0.264131255851E-04  0.126080407859E-06
 -0.371154737653E+00  0.413412385502E-02 -0.260348915005E-04  0.124061260338E-06
 -0.367046524628E+00  0.408242625580E-02 -0.256627147272E-04  0.122077480888E-06
 -0.362989639010E+00  0.403146705878E-02 -0.252964891617E-04  0.120128404623E-06
 -0.358983348312E+00  0.398123446567E-02 -0.249361106958E-04  0.118213391475E-06
 -0.355026931743E+00  0.393171688446E-02 -0.245814771446E-04  0.116331802996E-06
 -0.351119680004E+00  0.388290292558E-02 -0.242324882346E-04  0.114483019198E-06
 -0.347260895084E+00  0.383478139817E-02 -0.238890455556E-04  0.112666430029E-06
 -0.343449890065E+00  0.378734130634E-02 -0.235510525256E-04  0.110881435784E-06
 -0.339685988930E+00  0.374057184560E-02 -0.232184143618E-04  0.109127450632E-06
 -0.335968526371E+00  0.369446239923E-02 -0.228910380388E-04  0.107403897779E-06
 -0.332296847606E+00  0.364900253484E-02 -0.225688322635E-04  0.105710214490E-06
 -0.328670308193E+00  0.360418200096E-02 -0.222517074289E-04  0.104045843616E-06
 -0.325088273854E+00  0.355999072363E-02 -0.219395755973E-04  0.102410243506E-06
 -0.321550120295E+00  0.351641880317E-02 -0.216323504612E-04  0.100802883032E-06
 -0.318055233040E+00  0.347345651090E-02 -0.213299473039E-04  0.992232361517E-07
 -0.314603007253E+00  0.343109428600E-02 -0.210322829852E-04  0.976707924139E-07
 -0.311192847579E+00  0.338932273240E-02 -0.207392758983E-04  0.961450483117E-07
 -0.307824167978E+00  0.334813261575E-02 -0.204508459463E-04  0.946455107420E-07
 -0.304496391562E+00  0.330751486039E-02 -0.201669145108E-04  0.931716956955E-07
 -0.301208950445E+00  0.326746054646E-02 -0.198874044267E-04  0.917231299871E-07
 -0.297961285580E+00  0.322796090699E-02 -0.196122399480E-04  0.902993467430E-07
 -0.294752846613E+00  0.318900732514E-02 -0.193413467275E-04  0.888998901863E-07
 -0.291583091735E+00  0.315059133135E-02 -0.190746517886E-04  0.875243143378E-07
 -0.288451487531E+00  0.311270460072E-02 -0.188120834904E-04  0.861721772948E-07
 -0.285357508842E+00  0.307533895027E-02 -0.185535715179E-04  0.848430517838E-07
 -0.282300638620E+00  0.303848633639E-02 -0.182990468397E-04  0.835365133517E-07
 -0.279280367794E+00  0.300213885225E-02 -0.180484416931E-04  0.822521472781E-07
 -0.276296195131E+00  0.296628872531E-02 -0.178016895644E-04  0.809895511949E-07
 -0.273347627106E+00  0.293092831483E-02 -0.175587251455E-04  0.797483220814E-07
 -0.270434177768E+00  0.289605010951E-02 -0.173194843350E-04  0.785280723911E-07
 -0.267555368614E+00  0.286164672505E-02 -0.170839041991E-04  0.773284192226E-07
 -0.264710728465E+00  0.282771090191E-02 -0.168519229482E-04  0.761489836144E-07
 -0.261899793337E+00  0.279423550297E-02 -0.166234799314E-04  0.749894013413E-07
 -0.259122106325E+00  0.276121351131E-02 -0.163985155903E-04  0.738493064444E-07
 -0.256377217480E+00  0.272863802805E-02 -0.161769714627E-04  0.727283478875E-07
 -0.253664683695E+00  0.269650227017E-02 -0.159587901416E-04  0.716261757579E-07
 -0.250984068589E+00  0.266479956841E-02 -0.157439152697E-04  0.705424511365E-07
 -0.248334942393E+00  0.263352336522E-02 -0.155322915067E-04  0.694768377135E-07
 -0.245716881842E+00  0.260266721272E-02 -0.153238645179E-04  0.684290068116E-07
 -0.243129470065E+00  0.257222477071E-02 -0.151185809578E-04  0.673986395167E-07
 -0.240572296477E+00  0.254218980471E-02 -0.149163884376E-04  0.663854171495E-07
 -0.238044956675E+00  0.251255618409E-02 -0.147172355233E-04  0.653890323866E-07
 -0.235547052338E+00  0.248331788014E-02 -0.145210717025E-04  0.644091790562E-07
 -0.233078191120E+00  0.245446896427E-02 -0.143278473825E-04  0.634455626734E-07
 -0.230637986557E+00  0.242600360619E-02 -0.141375138552E-04  0.624978885224E-07
 -0.228226057967E+00  0.239791607215E-02 -0.139500232933E-04  0.615658702179E-07
 -0.225842030353E+00  0.237020072317E-02 -0.137653287293E-04  0.606492270641E-07
 -0.223485534309E+00  0.234285201340E-02 -0.135833840395E-04  0.597476841075E-07
 -0.221156205932E+00  0.231586448837E-02 -0.134041439255E-04  0.588609703495E-07
 -0.218853686726E+00  0.228923278343E-02 -0.132275639014E-04  0.579888206186E-07
 -0.216577623518E+00  0.226295162209E-02 -0.130536002753E-04  0.571309737643E-07
 -0.214327668365E+00  0.223701581446E-02 -0.128822101382E-04  0.562871748117E-07
 -0.212103478474E+00  0.221142025571E-02 -0.127133513483E-04  0.554571746043E-07
 -0.209904716112E+00  0.218615992453E-02 -0.125469825111E-04  0.546407262188E-07
 -0.207731048530E+00  0.216122988169E-02 -0.123830629712E-04  0.538375885348E-07
 -0.205582147873E+00  0.213662526851E-02 -0.122215527969E-04  0.530475257245E-07
 -0.203457691110E+00  0.211234130550E-02 -0.120624127653E-04  0.522703059906E-07
 -0.201357359947E+00  0.208837329088E-02 -0.119056043479E-04  0.515057011138E-07
 -0.199280840755E+00  0.206471659929E-02 -0.117510897015E-04  0.507534888335E-07
 -0.197227824492E+00  0.204136668035E-02 -0.115988316480E-04  0.500134481685E-07
 -0.195198006629E+00  0.201831905740E-02 -0.114487936733E-04  0.492853668883E-07
 -0.193191087080E+00  0.199556932616E-02 -0.113009399019E-04  0.485690328450E-07
 -0.191206770125E+00  0.197311315345E-02 -0.111552350907E-04  0.478642379455E-07
 -0.189244764342E+00  0.195094627598E-02 -0.110116446238E-04  0.471707824650E-07
 -0.187304782540E+00  0.192906449908E-02 -0.108701344842E-04  0.464884638159E-07
 -0.185386541687E+00  0.190746369551E-02 -0.107306712618E-04  0.458170897524E-07
 -0.183489762846E+00  0.188613980425E-02 -0.105932221242E-04  0.451564660131E-07
 -0.181614171107E+00  0.186508882940E-02 -0.104577548208E-04  0.445064065316E-07
 -0.179759495526E+00  0.184430683898E-02 -0.103242376585E-04  0.438667243840E-07
 -0.177925469058E+00  0.182378996384E-02 -0.101926395064E-04  0.432372417591E-07
 -0.176111828497E+00  0.180353439655E-02 -0.100629297685E-04  0.426177787474E-07
 -0.174318314412E+00  0.178353639035E-02 -0.993507838418E-05  0.420081601865E-07
 -0.172544671092E+00  0.176379225806E-02 -0.980905582104E-05  0.414082178581E-07
 -0.170790646482E+00  0.174429837107E-02 -0.968483305263E-05  0.408177817201E-07
 -0.169055992126E+00  0.172505115831E-02 -0.956238156018E-05  0.402366875834E-07
 -0.167340463112E+00  0.170604710525E-02 -0.944167331724E-05  0.396647730147E-07
 -0.165643818016E+00  0.168728275294E-02 -0.932268078637E-05  0.391018812529E-07
 -0.163965818842E+00  0.166875469701E-02 -0.920537690088E-05  0.385478549723E-07
 -0.162306230974E+00  0.165045958677E-02 -0.908973506410E-05  0.380025416665E-07
 -0.160664823119E+00  0.163239412427E-02 -0.897572913666E-05  0.374657908794E-07
 -0.159041367258E+00  0.161455506337E-02 -0.886333343243E-05  0.369374571433E-07
 -0.157435638591E+00  0.159693920888E-02 -0.875252270055E-05  0.364173934871E-07
 -0.155847415487E+00  0.157954341566E-02 -0.864327213131E-05  0.359054607713E-07
 -0.154276479439E+00  0.156236458777E-02 -0.853555733374E-05  0.354015180469E-07
 -0.152722615007E+00  0.154539967766E-02 -0.842935433692E-05  0.349054286074E-07
 -0.151185609778E+00  0.152864568527E-02 -0.832463958149E-05  0.344170594476E-07
 -0.149665254315E+00  0.151209965729E-02 -0.822138990770E-05  0.339362782598E-07
 -0.148161342111E+00  0.149575868631E-02 -0.811958255214E-05  0.334629561595E-07
 -0.146673669545E+00  0.147961991007E-02 -0.801919513756E-05  0.329969656902E-07
 -0.145202035833E+00  0.146368051069E-02 -0.792020566965E-05  0.325381834176E-07
 -0.143746242990E+00  0.144793771391E-02 -0.782259252475E-05  0.320864862770E-07
 -0.142306095782E+00  0.143238878831E-02 -0.772633444742E-05  0.316417545655E-07
 -0.140881401686E+00  0.141703104468E-02 -0.763141054167E-05  0.312038704554E-07
 -0.139471970848E+00  0.140186183521E-02 -0.753780026512E-05  0.307727184849E-07
 -0.138077616040E+00  0.138687855284E-02 -0.744548342220E-05  0.303481852964E-07
 -0.136698152623E+00  0.137207863055E-02 -0.735444015698E-05  0.299301590109E-07
 -0.135333398502E+00  0.135745954071E-02 -0.726465094835E-05  0.295185301337E-07
 -0.133983174094E+00  0.134301879441E-02 -0.717609660552E-05  0.291131925681E-07
 -0.132647302283E+00  0.132875394077E-02 -0.708875825429E-05  0.287140384221E-07
 -0.131325608386E+00  0.131466256638E-02 -0.700261734468E-05  0.283209669232E-07
 -0.130017920116E+00  0.130074229459E-02 -0.691765563016E-05  0.279338743985E-07
 -0.128724067544E+00  0.128699078495E-02 -0.683385517274E-05  0.275526613842E-07
 -0.127443883061E+00  0.127340573259E-02 -0.675119833484E-05  0.271772308200E-07
 -0.126177201350E+00  0.125998486761E-02 -0.666966777012E-05  0.268074855491E-07
 -0.124923859342E+00  0.124672595453E-02 -0.658924642257E-05  0.264433311957E-07
 -0.123683696191E+00  0.123362679168E-02 -0.650991751932E-05  0.260846748203E-07
 -0.122456553232E+00  0.122068521066E-02 -0.643166456708E-05  0.257314259166E-07
 -0.121242273955E+00  0.120789907581E-02 -0.635447134421E-05  0.253834944440E-07
 -0.120040703967E+00  0.119526628360E-02 -0.627832189852E-05  0.250407925775E-07
 -0.118851690964E+00  0.118278476218E-02 -0.620320054067E-05  0.247032335191E-07
 -0.117675084699E+00  0.117045247080E-02 -0.612909184335E-05  0.243707340658E-07
 -0.116510736949E+00  0.115826739932E-02 -0.605598062823E-05  0.240432089598E-07
 -0.115358501488E+00  0.114622756769E-02 -0.598385197204E-05  0.237205779424E-07
 -0.114218234051E+00  0.113433102548E-02 -0.591269119274E-05  0.234027595176E-07
 -0.113089792314E+00  0.112257585137E-02 -0.584248385308E-05  0.230896761615E-07
 -0.111973035857E+00  0.111096015269E-02 -0.577321574833E-05  0.227812490053E-07
 -0.110867826139E+00  0.109948206494E-02 -0.570487290985E-05  0.224774030022E-07
 -0.109774026469E+00  0.108813975133E-02 -0.563744159494E-05  0.221780628649E-07
 -0.108691501982E+00  0.107693140233E-02 -0.557090828547E-05  0.218831548485E-07
 -0.107620119604E+00  0.106585523523E-02 -0.550525968573E-05  0.215926079321E-07
 -0.106559748036E+00  0.105490949368E-02 -0.544048271312E-05  0.213063501824E-07
 -0.105510257719E+00  0.104409244730E-02 -0.537656449987E-05  0.210243124299E-07
 -0.104471520812E+00  0.103340239124E-02 -0.531349238599E-05  0.207464260597E-07
 -0.103443411167E+00  0.102283764575E-02 -0.525125391787E-05  0.204726244815E-07
 -0.102425804302E+00  0.101239655578E-02 -0.518983684159E-05  0.202028410902E-07
 -0.101418577380E+00  0.100207749062E-02 -0.512922910250E-05  0.199370112888E-07
 -0.100421609182E+00  0.991878843453E-03 -0.506941884014E-05  0.196750714210E-07
 -0.994347800821E-01  0.981799030987E-03 -0.501039438544E-05  0.194169591568E-07
 -0.984579720285E-01  0.971836493094E-03 -0.495214425529E-05  0.191626120796E-07
 -0.974910685171E-01  0.961989692420E-03 -0.489465715400E-05  0.189119708114E-07
 -0.965339545699E-01  0.952257114024E-03 -0.483792196500E-05  0.186649756339E-07
 -0.955865167128E-01  0.942637265021E-03 -0.478192775008E-05  0.184215680518E-07
 -0.946486429540E-01  0.933128674225E-03 -0.472666374620E-05  0.181816907346E-07
 -0.937202227618E-01  0.923729891805E-03 -0.467211936297E-05  0.179452878132E-07
 -0.928011470441E-01  0.914439488942E-03 -0.461828417759E-05  0.177123035219E-07
 -0.918913081270E-01  0.905256057498E-03 -0.456514793441E-05  0.174826837989E-07
 -0.909905997348E-01  0.896178209680E-03 -0.451270054008E-05  0.172563749900E-07
 -0.900989169692E-01  0.887204577725E-03 -0.446093206188E-05  0.170333245742E-07
 -0.892161562903E-01  0.878333813575E-03 -0.440983272440E-05  0.168134807912E-07
 -0.883422154959E-01  0.869564588569E-03 -0.435939290820E-05  0.165967935445E-07
 -0.874769937035E-01  0.860895593133E-03 -0.430960314388E-05  0.163832122053E-07
 -0.866203913303E-01  0.852325536482E-03 -0.426045411383E-05  0.161726885150E-07
 -0.857723100752E-01  0.843853146320E-03 -0.421193664528E-05  0.159651736449E-07
 -0.849326529004E-01  0.835477168550E-03 -0.416404171198E-05  0.157606209888E-07
 -0.841013240129E-01  0.827196366989E-03 -0.411676042750E-05  0.155589833200E-07
 -0.832782288474E-01  0.819009523084E-03 -0.407008404716E-05  0.153602157022E-07
 -0.824632740481E-01  0.810915435637E-03 -0.402400396074E-05  0.151642721765E-07
 -0.816563674522E-01  0.802912920532E-03 -0.397851169575E-05  0.149711095181E-07
 -0.808574180722E-01  0.795000810469E-03 -0.393359891027E-05  0.147806839767E-07
 -0.800663360800E-01  0.787177954700E-03 -0.388925739294E-05  0.145929527386E-07
 -0.792830327897E-01  0.779443218773E-03 -0.384547906094E-05  0.144078740666E-07
 -0.785074206421E-01  0.771795484273E-03 -0.380225595680E-05  0.142254065927E-07
 -0.777394131884E-01  0.764233648579E-03 -0.375958024718E-05  0.140455099279E-07
 -0.769789250746E-01  0.756756624614E-03 -0.371744421981E-05  0.138681439991E-07
 -0.762258720260E-01  0.749363340607E-03 -0.367584028243E-05  0.136932697061E-07
 -0.754801708324E-01  0.742052739851E-03 -0.363476096011E-05  0.135208484691E-07
 -0.747417393327E-01  0.734823780476E-03 -0.359419889383E-05  0.133508425773E-07
 -0.740104964003E-01  0.727675435216E-03 -0.355414683822E-05  0.131832149984E-07
 -0.732863619287E-01  0.720606691185E-03 -0.351459765811E-05  0.130179283093E-07
 -0.725692568172E-01  0.713616549654E-03 -0.347554433048E-05  0.128549472571E-07
 -0.718591029570E-01  0.706704025834E-03 -0.343697993906E-05  0.126942363652E-07
 -0.711558232168E-01  0.699868148665E-03 -0.339889767371E-05  0.125357607220E-07
 -0.704593414301E-01  0.693107960600E-03 -0.336129082868E-05  0.123794859936E-07
 -0.697695823808E-01  0.686422517401E-03 -0.332415280060E-05  0.122253782319E-07
 -0.690864717908E-01  0.679810887934E-03 -0.328747708939E-05  0.120734056260E-07
 -0.684099363066E-01  0.673272153972E-03 -0.325125729005E-05  0.119235341197E-07
 -0.677399034864E-01  0.666805409995E-03 -0.321548709811E-05  0.117757321400E-07
 -0.670763017877E-01  0.660409762995E-03 -0.318016030592E-05  0.116299692272E-07
 -0.664190605551E-01  0.654084332291E-03 -0.314527079680E-05  0.114862131382E-07
 -0.657681100074E-01  0.647828249336E-03 -0.311081254969E-05  0.113444340172E-07
 -0.651233812262E-01  0.641640657539E-03 -0.307677963411E-05  0.112046020387E-07
 -0.644848061436E-01  0.635520712077E-03 -0.304316620884E-05  0.110666875247E-07
 -0.638523175311E-01  0.629467579722E-03 -0.300996652109E-05  0.109306613574E-07
 -0.632258489872E-01  0.623480438664E-03 -0.297717490596E-05  0.107964956151E-07
 -0.626053349270E-01  0.617558478339E-03 -0.294478578284E-05  0.106641620820E-07
 -0.619907105703E-01  0.611700899259E-03 -0.291279365473E-05  0.105336327354E-07
 -0.613819119310E-01  0.605906912848E-03 -0.288119310936E-05  0.104048814174E-07
 -0.607788758064E-01  0.600175741274E-03 -0.284997881278E-05  0.102778804261E-07
 -0.601815397661E-01  0.594506617289E-03 -0.281914551381E-05  0.101526043909E-07
 -0.595898421417E-01  0.588898784075E-03 -0.278868803776E-05  0.100290269449E-07
 -0.590037220166E-01  0.583351495080E-03 -0.275860128913E-05  0.990712335043E-08
 -0.584231192157E-01  0.577864013872E-03 -0.272888024657E-05  0.978686801262E-08
 -0.578479742952E-01  0.572435613983E-03 -0.269951996506E-05  0.966823670017E-08
 -0.572782285329E-01  0.567065578763E-03 -0.267051557245E-05  0.955120509115E-08
 -0.567138239186E-01  0.561753201233E-03 -0.264186226972E-05  0.943574971412E-08
 -0.561547031438E-01  0.556497783943E-03 -0.261355532879E-05  0.932184726242E-08
 -0.556008095934E-01  0.551298638827E-03 -0.258559009084E-05  0.920947424701E-08
 -0.550520873352E-01  0.546155087068E-03 -0.255796196729E-05  0.909860838972E-08
 -0.545084811115E-01  0.541066458959E-03 -0.253066643671E-05  0.898922731044E-08
 -0.539699363297E-01  0.536032093767E-03 -0.250369904520E-05  0.888130948689E-08
 -0.534363990537E-01  0.531051339605E-03 -0.247705540301E-05  0.877483274171E-08
 -0.529078159946E-01  0.526123553298E-03 -0.245073118671E-05  0.866977634692E-08
 -0.523841345028E-01  0.521248100253E-03 -0.242472213542E-05  0.856611924059E-08
 -0.518653025585E-01  0.516424354340E-03 -0.239902405134E-05  0.846384101433E-08
 -0.513512687644E-01  0.511651697760E-03 -0.237363279821E-05  0.836292158657E-08
 -0.508419823365E-01  0.506929520929E-03 -0.234854429949E-05  0.826334059793E-08
 -0.503373930965E-01  0.502257222352E-03 -0.232375453940E-05  0.816507879191E-08
 -0.498374514636E-01  0.497634208509E-03 -0.229925956090E-05  0.806811726976E-08
 -0.493421084466E-01  0.493059893739E-03 -0.227505546353E-05  0.797243665963E-08
 -0.488513156359E-01  0.488533700122E-03 -0.225113840437E-05  0.787801839714E-08
 -0.483650251961E-01  0.484055057369E-03 -0.222750459609E-05  0.778484397594E-08
 -0.478831898585E-01  0.479623402708E-03 -0.220415030734E-05  0.769289584303E-08
 -0.474057629132E-01  0.475238180781E-03 -0.218107185965E-05  0.760215588809E-08
 -0.469326982021E-01  0.470898843529E-03 -0.215826562849E-05  0.751260669321E-08
 -0.464639501116E-01  0.466604850093E-03 -0.213572804161E-05  0.742423102260E-08
 -0.459994735654E-01  0.462355666702E-03 -0.211345557808E-05  0.733701170934E-08
 -0.455392240172E-01  0.458150766581E-03 -0.209144476917E-05  0.725093279017E-08
 -0.450831574445E-01  0.453989629841E-03 -0.206969219412E-05  0.716597718989E-08
 -0.446312303408E-01  0.449871743385E-03 -0.204819448253E-05  0.708212886946E-08
 -0.441833997098E-01  0.445796600806E-03 -0.202694831241E-05  0.699937200799E-08
 -0.437396230579E-01  0.441763702298E-03 -0.200595040987E-05  0.691769132277E-08
 -0.432998583884E-01  0.437772554552E-03 -0.198519754667E-05  0.683707090509E-08
 -0.428640641943E-01  0.433822670671E-03 -0.196468654164E-05  0.675749567500E-08
 -0.424321994527E-01  0.429913570075E-03 -0.194441425920E-05  0.667895086004E-08
 -0.420042236179E-01  0.426044778409E-03 -0.192437760824E-05  0.660142171276E-08
 -0.415800966157E-01  0.422215827458E-03 -0.190457354196E-05  0.652489388236E-08
 -0.411597788369E-01  0.418426255055E-03 -0.188499905646E-05  0.644935290936E-08
 -0.407432311315E-01  0.414675605001E-03 -0.186565119085E-05  0.637478475281E-08
 -0.403304148029E-01  0.410963426974E-03 -0.184652702680E-05  0.630117593238E-08
 -0.399212916018E-01  0.407289276448E-03 -0.182762368666E-05  0.622851271058E-08
 -0.395158237205E-01  0.403652714613E-03 -0.180893833374E-05  0.615678168539E-08
 -0.391139737875E-01  0.400053308290E-03 -0.179046817131E-05  0.608596954755E-08
 -0.387157048614E-01  0.396490629856E-03 -0.177221044258E-05  0.601606348516E-08
 -0.383209804259E-01  0.392964257162E-03 -0.175416242951E-05  0.594705079258E-08
 -0.379297643841E-01  0.389473773455E-03 -0.173632145206E-05  0.587891875112E-08
 -0.375420210532E-01  0.386018767307E-03 -0.171868486834E-05  0.581165513142E-08
 -0.371577151591E-01  0.382598832536E-03 -0.170125007295E-05  0.574524747655E-08
 -0.367768118314E-01  0.379213568132E-03 -0.168401449804E-05  0.567968416331E-08
 -0.363992765981E-01  0.375862578189E-03 -0.166697561089E-05  0.561495318112E-08
 -0.360250753805E-01  0.372545471827E-03 -0.165013091425E-05  0.555104270818E-08
 -0.356541744886E-01  0.369261863126E-03 -0.163347794682E-05  0.548794179458E-08
 -0.352865406155E-01  0.366011371058E-03 -0.161701428007E-05  0.542563860452E-08
 -0.349221408330E-01  0.362793619414E-03 -0.160073752054E-05  0.536412226833E-08
 -0.345609425870E-01  0.359608236739E-03 -0.158464530777E-05  0.530338188707E-08
 -0.342029136922E-01  0.356454856269E-03 -0.156873531410E-05  0.524340668735E-08
 -0.338480223279E-01  0.353333115861E-03 -0.155300524386E-05  0.518418583669E-08
 -0.334962370331E-01  0.350242657931E-03 -0.153745283396E-05  0.512570917069E-08
 -0.331475267022E-01  0.347183129391E-03 -0.152207585216E-05  0.506796632048E-08
 -0.328018605807E-01  0.344154181585E-03 -0.150687209687E-05  0.501094694623E-08
 -0.324592082603E-01  0.341155470232E-03 -0.149183939776E-05  0.495464139703E-08
 -0.321195396748E-01  0.338186655361E-03 -0.147697561347E-05  0.489903952540E-08
 -0.317828250960E-01  0.335247401253E-03 -0.146227863284E-05  0.484413179469E-08
 -0.314490351293E-01  0.332337376382E-03 -0.144774637335E-05  0.478990852711E-08
 -0.311181407094E-01  0.329456253361E-03 -0.143337678186E-05  0.473636070446E-08
 -0.307901130964E-01  0.326603708880E-03 -0.141916783216E-05  0.468347858716E-08
 -0.304649238719E-01  0.323779423651E-03 -0.140511752691E-05  0.463125331509E-08
 -0.301425449345E-01  0.320983082357E-03 -0.139122389560E-05  0.457967581566E-08
 -0.298229484964E-01  0.318214373594E-03 -0.137748499504E-05  0.452873738803E-08
 -0.295061070791E-01  0.315472989816E-03 -0.136389890808E-05  0.447842913665E-08
 -0.291919935097E-01  0.312758627287E-03 -0.135046374415E-05  0.442874257102E-08
 -0.288805809174E-01  0.310070986026E-03 -0.133717763818E-05  0.437966916943E-08
 -0.285718427294E-01  0.307409769757E-03 -0.132403875067E-05  0.433120064315E-08
 -0.282657526672E-01  0.304774685858E-03 -0.131104526724E-05  0.428332893438E-08
 -0.279622847432E-01  0.302165445310E-03 -0.129819539749E-05  0.423604565281E-08
 -0.276614132573E-01  0.299581762652E-03 -0.128548737595E-05  0.418934297680E-08
 -0.273631127927E-01  0.297023355929E-03 -0.127291946082E-05  0.414321304923E-08
 -0.270673582130E-01  0.294489946647E-03 -0.126048993382E-05  0.409764810527E-08
 -0.267741246586E-01  0.291981259724E-03 -0.124819710031E-05  0.405264078513E-08
 -0.264833875434E-01  0.289497023445E-03 -0.123603928724E-05  0.400818299579E-08
 -0.261951225510E-01  0.287036969420E-03 -0.122401484599E-05  0.396426801000E-08
 -0.259093056322E-01  0.284600832532E-03 -0.121212214818E-05  0.392088793681E-08
 -0.256259130009E-01  0.282188350899E-03 -0.120035958909E-05  0.387803615739E-08
 -0.253449211316E-01  0.279799265830E-03 -0.118872558421E-05  0.383570527510E-08
 -0.250663067556E-01  0.277433321777E-03 -0.117721857054E-05  0.379388819666E-08
 -0.247900468585E-01  0.275090266301E-03 -0.116583700672E-05  0.375257839494E-08
 -0.245161186766E-01  0.272769850022E-03 -0.115457937091E-05  0.371176871205E-08
 -0.242444996942E-01  0.270471826587E-03 -0.114344416287E-05  0.367145296424E-08
 -0.239751676403E-01  0.268195952620E-03 -0.113242990075E-05  0.363162395620E-08
 -0.237081004860E-01  0.265941987690E-03 -0.112153512430E-05  0.359227585536E-08
 -0.234432764412E-01  0.263709694269E-03 -0.111075839094E-05  0.355340173106E-08
 -0.231806739519E-01  0.261498837692E-03 -0.110009827873E-05  0.351499574846E-08
 -0.229202716975E-01  0.259309186122E-03 -0.108955338331E-05  0.347705128459E-08
 -0.226620485877E-01  0.257140510509E-03 -0.107912232004E-05  0.343956256630E-08
 -0.224059837599E-01  0.254992584557E-03 -0.106880372165E-05  0.340252323712E-08
 -0.221520565766E-01  0.252865184683E-03 -0.105859623995E-05  0.336592771840E-08
 -0.219002466222E-01  0.250758089987E-03 -0.104849854376E-05  0.332976999315E-08
 -0.216505337010E-01  0.248671082209E-03 -0.103850931970E-05  0.329404427433E-08
 -0.214028978341E-01  0.246603945703E-03 -0.102862727153E-05  0.325874475820E-08
 -0.211573192569E-01  0.244556467394E-03 -0.101885112068E-05  0.322386613819E-08
 -0.209137784167E-01  0.242528436751E-03 -0.100917960480E-05  0.318940279211E-08
 -0.206722559702E-01  0.240519645750E-03 -0.999611477980E-06  0.315534908727E-08
 -0.204327327806E-01  0.238529888841E-03 -0.990145511094E-06  0.312169978983E-08
 -0.201951899155E-01  0.236558962918E-03 -0.980780490902E-06  0.308844959053E-08
 -0.199596086447E-01  0.234606667285E-03 -0.971515220322E-06  0.305559345523E-08
 -0.197259704370E-01  0.232672803625E-03 -0.962348517323E-06  0.302312603249E-08
 -0.194942569588E-01  0.230757175968E-03 -0.953279215487E-06  0.299104217625E-08
 -0.192644500710E-01  0.228859590664E-03 -0.944306164212E-06  0.295933722574E-08
 -0.190365318271E-01  0.226979856347E-03 -0.935428226794E-06  0.292800587118E-08
 -0.188104844710E-01  0.225117783911E-03 -0.926644282354E-06  0.289704357834E-08
 -0.185862904343E-01  0.223273186477E-03 -0.917953224030E-06  0.286644552213E-08
 -0.183639323346E-01  0.221445879366E-03 -0.909353958866E-06  0.283620664779E-08
 -0.181433929730E-01  0.219635680068E-03 -0.900845409402E-06  0.280632286777E-08
 -0.179246553321E-01  0.217842408218E-03 -0.892426510393E-06  0.277678900446E-08
 -0.177077025736E-01  0.216065885564E-03 -0.884096212118E-06  0.274760112893E-08
 -0.174925180366E-01  0.214305935943E-03 -0.875853476644E-06  0.271875419465E-08
 -0.172790852354E-01  0.212562385252E-03 -0.867697280866E-06  0.269024419506E-08
 -0.170673878572E-01  0.210835061423E-03 -0.859626614303E-06  0.266206681595E-08
 -0.168574097603E-01  0.209123794395E-03 -0.851640479016E-06  0.263421750390E-08
 -0.166491349722E-01  0.207428416089E-03 -0.843737890903E-06  0.260669244935E-08
 -0.164425476873E-01  0.205748760385E-03 -0.835917877172E-06  0.257948702361E-08
 -0.162376322653E-01  0.204084663092E-03 -0.828179478865E-06  0.255259757569E-08
 -0.160343732291E-01  0.202435961927E-03 -0.820521748077E-06  0.252601969382E-08
 -0.158327552629E-01  0.200802496490E-03 -0.812943750178E-06  0.249974980223E-08
 -0.156327632104E-01  0.199184108239E-03 -0.805444561193E-06  0.247378352443E-08
 -0.154343820729E-01  0.197580640467E-03 -0.798023270228E-06  0.244811741170E-08
 -0.152375970076E-01  0.195991938279E-03 -0.790678976832E-06  0.242274729185E-08
 -0.150423933255E-01  0.194417848567E-03 -0.783410793075E-06  0.239766976195E-08
 -0.148487564901E-01  0.192858219990E-03 -0.776217841248E-06  0.237288076053E-08
 -0.146566721151E-01  0.191312902950E-03 -0.769099255618E-06  0.234837684005E-08
 -0.144661259630E-01  0.189781749569E-03 -0.762054180982E-06  0.232415430727E-08
 -0.142771039435E-01  0.188264613670E-03 -0.755081773328E-06  0.230020976094E-08
 -0.140895921114E-01  0.186761350753E-03 -0.748181198564E-06  0.227653934636E-08
 -0.139035766653E-01  0.185271817974E-03 -0.741351634256E-06  0.225314001061E-08
 -0.137190439458E-01  0.183795874125E-03 -0.734592267408E-06  0.223000811827E-08
 -0.135359804339E-01  0.182333379615E-03 -0.727902295449E-06  0.220714020487E-08
 -0.133543727495E-01  0.180884196444E-03 -0.721280926682E-06  0.218453336860E-08
 -0.131742076494E-01  0.179448188191E-03 -0.714727377813E-06  0.216218371462E-08
 -0.129954720264E-01  0.178025219987E-03 -0.708240877185E-06  0.214008860351E-08
 -0.128181529072E-01  0.176615158498E-03 -0.701820661273E-06  0.211824440025E-08
 -0.126422374511E-01  0.175217871909E-03 -0.695465977376E-06  0.209664836122E-08
 -0.124677129486E-01  0.173833229899E-03 -0.689176081042E-06  0.207529699924E-08
 -0.122945668194E-01  0.172461103628E-03 -0.682950238097E-06  0.205418752418E-08
 -0.121227866119E-01  0.171101365714E-03 -0.676787722883E-06  0.203331675233E-08
 -0.119523600005E-01  0.169753890219E-03 -0.670687819547E-06  0.201268204891E-08
 -0.117832747855E-01  0.168418552626E-03 -0.664649819766E-06  0.199227988848E-08
 -0.116155188904E-01  0.167095229826E-03 -0.658673025779E-06  0.197210796359E-08
 -0.114490803615E-01  0.165783800098E-03 -0.652756746964E-06  0.195216297619E-08
 -0.112839473660E-01  0.164484143093E-03 -0.646900302636E-06  0.193244258329E-08
 -0.111201081907E-01  0.163196139816E-03 -0.641103019013E-06  0.191294344991E-08
 -0.109575512410E-01  0.161919672608E-03 -0.635364232036E-06  0.189366320780E-08
 -0.107962650389E-01  0.160654625134E-03 -0.629683285312E-06  0.187459915451E-08
 -0.106362382225E-01  0.159400882361E-03 -0.624059530250E-06  0.185574841952E-08
 -0.104774595439E-01  0.158158330545E-03 -0.618492326915E-06  0.183710860608E-08
 -0.103199178686E-01  0.156926857217E-03 -0.612981042530E-06  0.181867686406E-08
 -0.101636021737E-01  0.155706351163E-03 -0.607525052804E-06  0.180045084500E-08
 -0.100085015472E-01  0.154496702410E-03 -0.602123740634E-06  0.178242790476E-08
 -0.985460518608E-02  0.153297802212E-03 -0.596776496844E-06  0.176460566851E-08
 -0.970190239576E-02  0.152109543036E-03 -0.591482719269E-06  0.174698148227E-08
 -0.955038258847E-02  0.150931818541E-03 -0.586241813710E-06  0.172955311965E-08
 -0.940003528218E-02  0.149764523573E-03 -0.581053192723E-06  0.171231803714E-08
 -0.925085009949E-02  0.148607554142E-03 -0.575916276599E-06  0.169527409439E-08
 -0.910281676635E-02  0.147460807411E-03 -0.570830491895E-06  0.167841863693E-08
 -0.895592511101E-02  0.146324181683E-03 -0.565795273024E-06  0.166174961741E-08
 -0.881016506285E-02  0.145197576386E-03 -0.560810060702E-06  0.164526462533E-08
 -0.866552665126E-02  0.144080892059E-03 -0.555874303029E-06  0.162896166456E-08
 -0.852200000454E-02  0.142974030337E-03 -0.550987453834E-06  0.161283811247E-08
 -0.837957534882E-02  0.141876893944E-03 -0.546148974654E-06  0.159689209799E-08
 -0.823824300696E-02  0.140789386671E-03 -0.541358333144E-06  0.158112149838E-08
 -0.809799339750E-02  0.139711413369E-03 -0.536615003061E-06  0.156552398660E-08
 -0.795881703361E-02  0.138642879935E-03 -0.531918465171E-06  0.155009769327E-08
 -0.782070452204E-02  0.137583693298E-03 -0.527268205729E-06  0.153484024752E-08
 -0.768364656211E-02  0.136533761407E-03 -0.522663718117E-06  0.151974992606E-08
 -0.754763394467E-02  0.135492993221E-03 -0.518104501100E-06  0.150482454194E-08
 -0.741265755113E-02  0.134461298692E-03 -0.513590059940E-06  0.149006224210E-08
 -0.727870835243E-02  0.133438588759E-03 -0.509119905235E-06  0.147546078556E-08
 -0.714577740812E-02  0.132424775331E-03 -0.504693554475E-06  0.146101863349E-08
 -0.701385586532E-02  0.131419771278E-03 -0.500310529851E-06  0.144673353760E-08
 -0.688293495784E-02  0.130423490419E-03 -0.495970360116E-06  0.143260383276E-08
 -0.675300600518E-02  0.129435847510E-03 -0.491672579165E-06  0.141862753955E-08
 -0.662406041162E-02  0.128456758234E-03 -0.487416726680E-06  0.140480284409E-08
 -0.649608966531E-02  0.127486139189E-03 -0.483202347920E-06  0.139112800337E-08
 -0.636908533734E-02  0.126523907878E-03 -0.479028993399E-06  0.137760118249E-08
 -0.624303908085E-02  0.125569982694E-03 -0.474896218921E-06  0.136422051986E-08
 -0.611794263016E-02  0.124624282918E-03 -0.470803585979E-06  0.135098444519E-08
 -0.599378779984E-02  0.123686728699E-03 -0.466750661024E-06  0.133789123161E-08
 -0.587056648391E-02  0.122757241051E-03 -0.462737015363E-06  0.132493897700E-08
 -0.574827065494E-02  0.121835741837E-03 -0.458762226169E-06  0.131212632028E-08
 -0.562689236320E-02  0.120922153764E-03 -0.454825874668E-06  0.129945127613E-08
 -0.550642373586E-02  0.120016400368E-03 -0.450927547880E-06  0.128691243938E-08
 -0.538685697613E-02  0.119118406010E-03 -0.447066837286E-06  0.127450813645E-08
 -0.526818436244E-02  0.118228095860E-03 -0.443243339319E-06  0.126223679929E-08
 -0.515039824769E-02  0.117345395892E-03 -0.439456655051E-06  0.125009679171E-08
 -0.503349105835E-02  0.116470232872E-03 -0.435706390511E-06  0.123808666916E-08
 -0.491745529379E-02  0.115602534351E-03 -0.431992155993E-06  0.122620475042E-08
 -0.480228352539E-02  0.114742228653E-03 -0.428313566933E-06  0.121444974772E-08
 -0.468796839585E-02  0.113889244869E-03 -0.424670242658E-06  0.120281996749E-08
 -0.457450261840E-02  0.113043512843E-03 -0.421061807356E-06  0.119131399797E-08
 -0.446187897605E-02  0.112204963170E-03 -0.417487889659E-06  0.117993046928E-08
 -0.435009032084E-02  0.111373527182E-03 -0.413948122329E-06  0.116866787872E-08
 -0.423912957312E-02  0.110549136941E-03 -0.410442142456E-06  0.115752476351E-08
 -0.412898972079E-02  0.109731725231E-03 -0.406969591603E-06  0.114649983057E-08
 -0.401966381865E-02  0.108921225547E-03 -0.403530115363E-06  0.113559169945E-08
 -0.391114498763E-02  0.108117572091E-03 -0.400123363232E-06  0.112479885052E-08
 -0.380342641410E-02  0.107320699762E-03 -0.396748989377E-06  0.111412017432E-08
 -0.369650134921E-02  0.106530544143E-03 -0.393406651253E-06  0.110355408308E-08
 -0.359036310816E-02  0.105747041503E-03 -0.390096011142E-06  0.109309956968E-08
 -0.348500506957E-02  0.104970128780E-03 -0.386816734296E-06  0.108275500509E-08
 -0.338042067477E-02  0.104199743576E-03 -0.383568490883E-06  0.107251946641E-08
 -0.327660342717E-02  0.103435824153E-03 -0.380350953945E-06  0.106239141052E-08
 -0.317354689158E-02  0.102678309419E-03 -0.377163800901E-06  0.105236970516E-08
 -0.307124469359E-02  0.101927138926E-03 -0.374006712634E-06  0.104245305568E-08
 -0.296969051892E-02  0.101182252860E-03 -0.370879374101E-06  0.103264043903E-08
 -0.286887811280E-02  0.100443592033E-03 -0.367781473212E-06  0.102293039038E-08
 -0.276880127931E-02  0.997110978780E-04 -0.364712702221E-06  0.101332195908E-08
 -0.266945388081E-02  0.989847124394E-04 -0.361672756335E-06  0.100381381283E-08
 -0.257082983731E-02  0.982643783682E-04 -0.358661334648E-06  0.994404886505E-09
 -0.247292312587E-02  0.975500389135E-04 -0.355678139462E-06  0.985093962240E-09
 -0.237572778001E-02  0.968416379165E-04 -0.352722876784E-06  0.975880030539E-09
 -0.227923788909E-02  0.961391198030E-04 -0.349795255749E-06  0.966761927131E-09
 -0.218344759778E-02  0.954424295773E-04 -0.346894988830E-06  0.957738509729E-09
 -0.208835110545E-02  0.947515128152E-04 -0.344021791954E-06  0.948808756253E-09
 -0.199394266562E-02  0.940663156575E-04 -0.341175384053E-06  0.939971496011E-09
 -0.190021658537E-02  0.933867848039E-04 -0.338355487730E-06  0.931225879611E-09
 -0.180716722483E-02  0.927128675061E-04 -0.335561828122E-06  0.922570648023E-09
 -0.171478899658E-02  0.920445115618E-04 -0.332794133975E-06  0.914004874932E-09
 -0.162307636515E-02  0.913816653085E-04 -0.330052136929E-06  0.905527515547E-09
 -0.153202384645E-02  0.907242776172E-04 -0.327335571761E-06  0.897137594709E-09
 -0.144162600727E-02  0.900722978864E-04 -0.324644176155E-06  0.888834077439E-09
 -0.135187746472E-02  0.894256760364E-04 -0.321977690943E-06  0.880616056475E-09
 -0.126277288576E-02  0.887843625026E-04 -0.319335859579E-06  0.872482424199E-09
 -0.117430698664E-02  0.881483082307E-04 -0.316718428895E-06  0.864432401636E-09
 -0.108647453240E-02  0.875174646702E-04 -0.314125148114E-06  0.856464902959E-09
 -0.999270336414E-03  0.868917837686E-04 -0.311555769636E-06  0.848579085689E-09
 -0.912689259836E-03  0.862712179666E-04 -0.309010048409E-06  0.840773951789E-09
 -0.826726211144E-03  0.856557201917E-04 -0.306487742362E-06  0.833048658755E-09
 -0.741376145646E-03  0.850452438529E-04 -0.303988612131E-06  0.825402363591E-09
 -0.656634065003E-03  0.844397428357E-04 -0.301512420588E-06  0.817833925636E-09
 -0.572495016754E-03  0.838391714963E-04 -0.299058934139E-06  0.810342798316E-09
 -0.488954093849E-03  0.832434846565E-04 -0.296627920919E-06  0.802927844167E-09
 -0.406006434185E-03  0.826526375982E-04 -0.294219152419E-06  0.795588443432E-09
 -0.323647220151E-03  0.820665860586E-04 -0.291832401944E-06  0.788323485619E-09
 -0.241871678171E-03  0.814852862252E-04 -0.289467446105E-06  0.781132384416E-09
 -0.160675078260E-03  0.809086947302E-04 -0.287124063453E-06  0.774014190388E-09
 -0.800527335787E-04  0.803367686458E-04  0.794846634444E-04 -0.797686985116E-04
  0.000000000000E+00  0.000000000000E+00  0.000000000000E+00  0.000000000000E+00
 # hfdhe2                                          
